000000000000000000000011111110000000000000000000000000000000000000000000000000000000000111100000111101110110110010000000001011000000000010000110100000000000000000010000000000000000000000000000000110000000000000000000000000000000001000001101000000001101000000000000000000000
000000000000000000000000000000000000000000000000000000000000000000000010111111101000000000000000100001001001100000000000000101110110011101110000011111000000000001001010001010000000000000000000000000000000000000000000000000000000000000000000000000000101000000000000000000000
000000000000000000000000000000000000000000000000000000000000000000000000000000000000000000000000000001000001000001100000010000000000000000000000000000000000000000000000000000000000000000000000000000000000000000000000000000000000000000000000000000000101000000000000000000000
000000000000000000000000000000000000000000000000000000000000000000000011110100110000000000000000000000000000000000000000000000000000000000000000000000000000000000001110011110001100100000000000000000000000000000000000000000000000000000000000000000000101000000000000000001000
000000000000000000000000000000000000000000000000000000000000000000000000000000000000000000000000000000000000000000000000000000000000000000000000000000000000000000000000000000000000000000000000000000000000000000000000000000000000000000000101101000000101000000000000000000000
000000000000000000000000000000000000000000000000000000000000000000000000000000000000000000000000000000000000000000000000000000000000000000000000000000000000000000000000000000000000000000000000000000000000000000000000000000000000000000000000000000000110000100000000001000000
000000000000000000101011101100100000000000000000000000000000000000000000000000000000000111110000000001000000000000000000000001000000000000000001100000000000000000000000000000000000000000000000000000000000000000000000000000000000001000000000000000000101000000000000000000000
000000000000000000000000000000000000000000000000000000000000000000000000000000000000000000000000110001001001100001101000000000000000000000000000000000000000000000000000000000000000000000000000000000000000000000000000000000000000000000000101000000000101000000000000000000000
000000000000000000000000000000000000000000000000000000000000000000000010000000000000000000000000100011001110001000000000000001010000000000000100000111000000010000000000000000000000000000000000000000000000000000000000000000000000000000000010000000000101000000000000000000000
000000000000000000000000000000000000000000000000000000000000000000000000000000000000000000000000000000000000000000000000000000000000000000000000000000000000000000000000000000000000000000000000000000000000000000000000000000000000000000000000000000000110000100000000000010000
000000000000000000000000000000000000000000000000000000000000000000000000000000000000000000000000000000000000000000000000000000000000000000000000000000000000000000000000000000000000000000000000000000000000000000000000000000000000000000000000000000000110011100010000000000000
000000000000000000000000000000000000000000000000000000000000000000000000000000000000000000000000000000000000000000000000000000000000000000000000000000000000000000000000000000000000000001000011000000000000000000000000000000000000000000000000000000000101000000000000000000000
000000000000000000000000000000000000000000000000000000000000000000000000000000000000000000000000000000000000000000000000000000000000000000000000000000000000000000000000000000000000000000000000000001110111000000000000000000000000000000000101000000000111000000000000000000000
000000000000000000000000000000000000000000000000000000000000000000000010000000000000000000000000110001001001100000000000000001010000100000010000000111000000000100000000000000000000000000000000000000000000000000000000000000000000000000000101000000000101000000000000000000000
000000000000000000101000000000001111110000000000000000000000000000000000000000000000000111110000000001000000000000000000000001000000000000000001100000000000000000000000000000000000000000000000000000000000000000000000000000000000001000000000000000000101000000000000000000000
000000000000000000000000000000000000000000000000000000000000000000000000000000000000000000000000000000000000000000000000000000000000000000000000000000000000000000000000000000000000000000000000000000000000000000000000000000000000000000000000000000000110100101000000000000000
000000000000000000010100000000000000000000000000000000000000000000000000000000000000000000000000000000000000000000000000000000000000000000000000000000000000000000000000000000000000000000000000000001010110000010000000000000000000000000000000000000000110000000000000000000000
000000000000000000000000000000000000000000000011111000000000000000000000000000000000000000000000000000000000000000000000000000000000000000000000000000000000000000000000000000000000000001011000000000000000000000000000000000000000000000000010000000000111000000000000000000000
000000000000000000000000000000001111101000000000000000000000000000000000000000000000000111000000000001000000000000000000000001000000000000000000000000000000000000000000000000000000000000000000000000000000000000000000000000000000001000000000000000000101000000000000000000000
000000000000000000000000000000000000000000000000000000000000000000000000000000000000000000000000000000000000000000000000000000000000000000000000000000000000000000000000000000000000000000000000000000000000000001011101000000000000000000000000000000000000000000000000000000000
000000000000000000000000000000000000000000000000000000000000000000000000000000000000000000000000000000000000000000000000000000000000000000000000000000000000000000000000000000000000000001100010100000000000000000000000000000000000000000000000000000000101000000000000000000000
000000000000000000000000000000000000000011101000000000000000000000000000000000000000000000000000000000000000000000000000000000000000000000000000000000000000000000000000000000000000000000000000000000000000000000000000000000000000000000000000000000000110000000000000000000000
000000000000000000000000000000000000000000000000000000000000000000000000000000000000000000000000110001001001100001100100000000000000000000000000000000000000000000000000000000000000000000000000000000000000000000000000000000000000000000000101000000000101000000000000000000000
111111100111100100000000000000000000000000000000000000000000000000000000000000000111100000000000000000000000000000000000000000000000000000000000000000000000000000000000000000000000001100000000000000000000000000000000000000000000000000000000000000000111000000000000000000000
000000000000000000000000000000000000000000000000000000000000000000000000000000000000000000000000000000000000000000000000000000000000000000000000000000000000000000000000000000000000000011000110010000000000000000000000000000000000000000000000000000000101000000000000000000000
000000000000000000010100000000000000000000000000000000000000000000000000000000000000000000000000000000000000000000000000000000000000000000000000000000000000000000000000000000000000000000000000000001010110001000000000000000000000000000000000000000000110000000000000000000000
000000000000000000000000000000000000000000000000000000000000000000000000000000000000000000000000000000000000000000000000000000000000000000000000000000000000000000000000000000000000000000000000000000000000000000000000000000000000000000000111100100000101000000000000000000000
000000000000000000000000000000000000000000000000000000000000000000000000000000000000000000000000000000000000000000000000000000000000000000000000000000000000000000000000000000000000000000000000000000000000000000000000000000000000000000000000000000000101000100000000010000000
000000000000000000000000000000000000000000000000000000001111110001000000000000000000000000000000000000000000000000000000000000000000000000000000000000000000000000000000000000000000000001011000000000000000000000000000000000000000000000000010000000000111000000000000000000000
000000000000000000000000000000000000000000000000000000000111110010000000000000000000000000000000000000000000000000000000000000000000000000000000000000000000000000000000000000000000000001011000000000000000000000000000000000000000000000000010000000000111000000000000000000000
000000000000000000000000000000001111100100000000000000000000000000000000000000000000000111100000000001000000000000000000000001000000000000000000000000000000000000000000000000000000000000000000000000000000000000000000000000000000001000000101000000000101000000000000000000000
111101110111101000000000000000000000000000000000000000000000000000000000000000000111010000000000000000000000000000000000000000000000000000000000000000000000000000000000000000000000000000000000000000000000000000000000000000000000000000000000000000000111000000000000000000000
000000000000000000000000000000000000000000000000000000000000000000000000000000000000000000000000000000000000000000000000000000000000000000000000000000000000000000000000000000000000000000000000000000000000000000000000110111111011010000000000000000000000000000000000000000000
000000000000000000000000000000000000000000000011110001000000000000000000000000000000000000000000000000000000000000000000000000000000000000000000000000000000000000000000000000000000000000000000000000000000000000000000000000000000000000000000000000000110000000000000000000000
000000000000000000000000000000000000000000000000000000000111111000000000000000000000000000000000000000000000000000000000000000000000000000000000000000000000000000000000000000000000000001011000000000000000000000000000000000000000000000000010000000000111000000000000000000000
111101101111110000000000000000000000000000000000000000000000000000000000000000000111001000000000000000000000000000000000000000000000000000000000000000000000000000000000000000000000000000000000000000000000000000000000000000000000000000000000000000000111000000000000000000000
000000000000000000010100000000000000000000000000000000000000000000000000000000000000000000000000000000000000000000000000000000000000000000000000000000000000000000000000000000000000000000000000000001010110010000000000000000000000000000000000000000000110000000000000000000000
000000000000000000000000000000000000000000000000000000000000000000000000000000000000000111001101000001000000000000000000000001000000000000000000000000000000000000000000000000000000000000000000000000000000000000000000000000000000000000000000000000000000000000000000000000000
000000000000000000000000000000000000000000000000000000000000000000000000000000000000000000000000000000000000000000000000000000000000000000000000000000000000000000000000000000000000000000000000000000000000000000000000000000000000000000000000000000000110011100000000100000000
000000000000000000000000000000000000000000000000000000000000000000000000000000000000000000000000111101101000100011100001000000000000000000000000000000000000000000000000000000000000000000000000000000000000000000000000000000000000000000000101000000000101000000000000000000000
000000000000000000010000000000000000000000000011110000010000000000000000000000000000000000000000000000000000000000000000000000000000000000000000000000000000000000000000000000000000000000000000000000000000000000000000000000000000000000000000000000000110000000000000000000000
000000000000000000000000000000000000000000000000000000000000000000000000000000000000000000000000000000000000000000000000000000000000000000000000000000000000000000000000000000000000000000000000000000000000000000000000000000000000000000000001100000010101000000000000000000000
000000000000000000000000000000000000000000000011110000100000000000000000000000000000000000000000000000000000000000000000000000000000000000000000000000000000000000000000000000000000000000000000000000000000000000000000000000000000000000000000000000000110000000000000000000000
000000000000000000000000000000000000000000000000000000000000000000000010111111101000000000000000110001001001100000000000000101110100011001110000011111001000000000001010001010000000000000000000000000000000000000000000000000000000000000000101000000000101000000000000000000000
000000000000000000000011101100010000000000000000000000000000000000000000000000000000000111000000000001000000000000000000000001000000000000000000000000000000000000000000000000000000000000000000000000000000000000000000000000000000001000000000000000000101000000000000000000000
000000000000000000000000000000000000000000000000000000000000000000000000000000000000000000000000000000000000000000000000000000000000000000000000000000000000000000000000000000000000000000000000000000000000000000000000000000000000000000000000000000000110011100000010000000000
000000000000000000000000000000000000000000000000000000000110110000100000000000000000000000000000000000000000000000000000000000000000000000000000000000000000000000000000000000000000000000000000000000000000000000000000000000000000000000000000000000000110000000000000000000000
000000000000000000000000000000000000000000000000000000000000000000000010110100100000000000000000100001001001100000000000000101010100011000010000011111000000000000101010001010000000000000000000000000000000000000000000000000000000000000000000000000000101000000000000000000000
000000000000000000000000000000000000000000000000000000000000000000000000000000000000000000000000000000000000000000000000000000000000000000000000000000000000000000000000000000000000000000000000000000000000000000000000000000000000000000000000000000000110011100100000000000000
000000000000000000010100000000000000000000000000000000000000000000000000000000000000000000000000000000000000000000000000000000000000000000000000000000000000000000000000000000000000000000000000000001010110000100000000000000000000000000000000000000000110000000000000000000000
000000000000000000000000000000000000000000000011110010000000000000000000000000000000000000000000000000000000000000000000000000000000000000000000000000000000000000000000000000000000000001011000000000000000000000000000000000000000000000000010000000000111000000000000000000000
000000000000000000000000000000000000000000000000000000000000000000000011110100100000000000000000000000000000000000000000000000000000000000000000000000000000000000001011101010001100010000000000000000000000000000000000000000000000000000000000000000000000000000000000000000000
000000000000000000000000000000000000000000000000000000000000000000000011110100100000000000000000000000000000000000000000000000000000000000000000000000000000000000001110011111111110000000000000000000000000000000000000000000000000000000000000000000000101000000000000000001000
000000000000000000000000000000000000000000000000000000000110110000010000000000000000000000000000000000000000000000000000000000000000000000000000000000000000000000000000000000000000000000000000000000000000000000000000000000000000000000000000000000000110000000000000000000000
000000000000000000000000000000000000000000000000000000000000000000000000000000000000000000000000000001000001100001110000000000000000000000000000000000000000000000000000000000000000000000000000000000000000000000000000000000000000000000000000000000000101000000000000000000000
000000000000000000000000000000000000000000000000000000000000000000000000000000000000000000000000000000000000000000000000000000000000000000000000000000000000000000000000000000000000000000000000000000000000000000000000000000000000000000000101100010000101000000000000000000000
000000000000000000000000000000000000000000000000000000000000000000000000000000000000000000000000000000000000000000000000000000000000000000000000000000000000000000000000000000000000000000000000000000000000000000000000000000000000000000000000000000000110010100000000000100000
000000000000000000000000000000000000000000000000000000000000000000000010111111101000000000000000110001001001100000000000000101111100011001110000011111000001000000001010001010000000000000000000000000000000000000000000000000000000000000000101000000000101000000000000000000000
000000000000000000010000000000000000000000000000000000000111110000000100000000000000000000000000000000000000000000000000000000000000000000000000000000000000000000000000000000000000000000000000000000000000000000000000000000000000000000000000000000000110000000000000000000000
000000000000000000000000000000000000000000000000000000000000000000000000000000000000000000000000000000000000000000000000000000000000000000000000000000000000000000000000000000000000000000000000000000000000000000000000000000000000000000000101100001000101000000000000000000000
000000000000000000000000000000000000000000000000000000000000000000000010000000000000000000000000100011001110001100000000000001010000000000000100000111000000100000000000000000000000000000000000000000000000000000000000000000000000000000000010000000000101000000000000000000000
111101100111100001000000000000000000000000000000000000000000000000000000000000000111101000000000000000000000000000000000000000000000000000000000000000000000000000000000000000000000000000000000000000000000000000000000000000000000000000000000000000000111000000000000000000000
000000000000000000000000000000000000000000000000000000000000000000000000000000000000000000000000000000000000000000000000000000000000000000000000000000000000000000000000000000000000000000000000000000000000000000000000000000000000000000000000000000000110011100001000000000000
111011100101100010000000000000000000000000000000000000000000000000000000000000000000000000000000000000000000000000000000000000000000000000000000000000000000000000000000000000000000000000000000000000000000000000000000000000000000000000000000000000000111000000000000000000000
000000000000000000000000000000000000000000000000000000000000000000000000000000000000000000000000000000000000000000000000000000000000000000000000000000000000000000000000000000000000000000000000000000000000000000000000000000000000000000000000000000000110000100000001000000000
000000000000000000000000000000000000000000000000000000000000000000000000000000000000000000000000000000000000000000000000000000000000000000000000000000000000000000000000000000000000000000000000000000000000000000000000000000000000000000000000000000000101000000000000000001110
000000000000000000000000000000000000000011100100000000000000000000000000000000000000000000000000000000000000000000000000000000000000000000000000000000000000000000000000000000000000000000000000000000000000000000000000000000000000000000000000000000000110000000000000000000000
000000000000000000000000000000000000000000000000000000000000000000000000000000000000000000000000000000000000000000000000000000000000000000000000000000000000000000000000000000000000000000000000000000000000000001101110000000000000000000000000000000000000000000000000000000000
000000000000000000000000000000000000000000000000000000000000000000000000000000000000000000000000000000000000000000000000000000000000000000000000000000000000000000000000000000000000000000000000000001001110100000000000000000000000000000000000000000000000000000000000000000000
000000000000000000000000000000000000000000000000000000000000000000000010111100101000000000000000100001001001100000000000000101011100011000011000011111100000000000001010001010000000000000000000000000000000000000000000000000000000000000000000000000000101000000000000000000000
000000000000000000000011111101000000000000000000000000000000000000000000000000000000000111100000111101111110110010000000000001010000000010000110100000000000000000000000000000000000000000000000000000000000000000000000000000000000001000000101000000000101000000000000000000000
000000000000000000000000000000000000000000000000000000000000000000000011110100110000000000000000000000000000000000000000000000000000000000000000000000000000000000001110011110001101000000000000000000000000000000000000000000000000000000000000000000000101000000000000000001000
000000000000000000000000000000000000000000000000000000000111110100000000000000000000000000000000000000000000000000000000000000000000000000000000000000000000000000000000000000000000000001011000000000000000000000000000000000000000000000000010000000000111000000000000000000000
000000000000000000000000000000000000000000000000000000000000000000000000000000000000000000000000000000000000000000000000000000000000000000000000000000000000000000000000000000000000000000000000000000000000000000000000000000000000000111000000000000000000000000000000000000000
000000000000000000000000000000000000000000000000000000000000000000000000000000000000000000000000000000000000000000000000000000000000000000000000000000000000000000000000000000000000000000000000000000000000000000000000000000000000000110010000000000000000000000000000000000000
000000000000000000000000000000000000000000000000000000000000000000000000000000000000000000000000000000000000000000000000000000000000000000000000000000000000000000000000000000000000000011100010001000000000000000000000000000000000000000000000000000000101000000000000000000000
000000000000000000000000000000000000000000000000000000000000000000000000000000000000000000000000111101101000100011100000100000000000000000000000000000000000000000000000000000000000000000000000000000000000000000000000000000000000000000000101000000000101000000000000000000000
000000000000000000000000000000000000000000000000000000000000000000000000000000000000000000000000000000000000000000000000000000000000000000000000000000000000000000000000000000000000000000000000000000000000000000000000000000000000000000000000000000000101000000000000000001101
000000000000000000000000000000000000000000000000000000000000000000000010000000000000000000000000100001001110000100000000000001010000100000000100000111010000000000000000000000000000000000000000000000000000000000000000000000000000000000000010000000000101000000000000000000000
000000000000000000000000000000000000000011110000000000000000000000000000000000000000000000000000000000000000000000000000000000000000000000000000000000000000000000000000000000000000000001001000000000000000000000000000000000000000000000000000000000000111000000000000000000000
000000000000000000000000000000000000000000000000000000000000000000000000000000000000000000000000000000000000000000000000000000000000000000000000000000000000000000000000000000000000000000000000000000000000000000000000000000000000000000000000000000000110011100000100000000000
000000000000000000000000000000000000000000000000000000000000000000000000000000000000000000000000000000000000000000000000000000000000000000000000000000000000000000000000000000000000000000000000000000000000000000000000000000000000000110100000000000000000000000000000000000000
000000000000000000000000000000000000000000000000000000000000000000000000000000000000000000000000000000000000000000000000000000000000000000000000000000000000000000000000000000000000000000000000000000000000000000000000000000000000000000000010100000100101000000000000000000000
000000000000000000000000000000000000000000000000000000000000000000000010111111101000000000000000100001001001100000000000000101110110011001110000011111000010000000001010001010000000000000000000000000000000000000000000000000000000000000000000000000000101000000000000000000000
000000000000000000000000000000000000000000000000000000000000000000000000000000000000000000000000000000000000000000000000000000000000000000000000000000000000000000000000000000000000000000000000000000000000000000000000000000000000000000000010110000000101000000000000000000000
000000000000000000000000000000000000000000000000000000000000000000000010111100100000000000000000100001001001100000000000000101010100011000010000011111000000001000001010001010000000000000000000000000000000000000000000000000000000000000000000000000000101000000000000000000000
000000000000000000000000000000000000000000000000000000000000000000000000000000000000000000000000000000000000000000000000000000000000000000000000000000000000000000000000000000000000000000000000000000000000000000000000111011111111100000000000000000000000000000000000000000000
000000000000000000000000000000000000000000000011110100000000000000000000000000000000000000000000000000000000000000000000000000000000000000000000000000000000000000000000000000000000000001011000000000000000000000000000000000000000000000000010000000000111000000000000000000000
000000000000000000000000000000000000000000000000000000000000000000000000000000000000000111101110000001000000000000000000000001000000000000000000000000000000000000000000000000000000000000000000000000000000000000000000000000000000000000000000000000000000000000000000000000000
000000000000000000000000000000000000000000000000000000000000000000000000000000000000000000000000000000000000000000000000000000000000000000000000000000000000000000000000000000000000000000000000000000000000000000000000000000000000000000000000000000000110011110000000000000000
000000000000000000000000000000000000000000000000000000000000000000000010111111101000000000000000110001001001100000000000000101110100011101110000011111000000000010001010001010000000000000000000000000000000000000000000000000000000000000000101000000000101000000000000000000000
000000000000000000010000000000000000000000000000000000000111110000001000000000000000000000000000000000000000000000000000000000000000000000000000000000000000000000000000000000000000000000000000000000000000000000000000000000000000000000000010000000000111000000000000000000000
000000000000000000000000000000000000000000000000000000000000000000000010111111101000000000000000100001001001100000000000000101110101011001010000011111000100000000001010001010000000000000000000000000000000000000000000000000000000000000000000000000000101000000000000000000000
000000000000000000000000000000000000000000000000000000000000000000000000000000000000000000000000101101101000000011100010000000000000000000000000000000000000000000000000000000000000000000000000000000000000000000000000000000000000000000000000000000000000000000000000000000000
