1100000000000000100000000001110000101110000000000000000000000000000000000000000011000100000110100000
0000000000000000000000000000000100010000000011101100110011101101010000000000000000000100000110100000
0000000000000000000000000000000000000000000000000000000000000000000000000000000000001000000110010000
0000000000000000000000000000000000000000000000000000000000001111011100000000000000000100000110101111
0000000000000000000000000000000000000000000000000000000000000000000000000000000011000100000110100000
0000000000000000000000000000000000000000000000000000000000000000000000000000000000000010000101010000
1010000000000000100000000000000000000000000000000000000000000000000000000000000000000100000110100000
0000000000000000000000000000001010101100000000000000000000000000000000000000000011000100000110100000
0000000000000000000011111100000000000001111100000000000000000000000000000000000000000100000110100000
0000000000000000000000000000000000000000000000000000000000000000000000000000000000000001100101010000
0000000000000000000000000000000000000000000000000000000000000000000000000000000000000001010101100000
0000000000000000000000000000000000000000000000000000000000000000000000000000000000000100000110100000
0000000000000000000000000000000000000000000000000000000000000000000000000000000011000101010110100000
0000000000000000000000000000001001101100000000000000000000000000000000000000000011000100000110100000
0000000101000000100000000000000000000000000000000000000000000000000000000000000000000100000110100000
0000000000000000000000000000000000000000000000000000000000000000000000000000000000000001011101100000
0000000000000000000000000000000000000000000000000000000000000000000000000000000000000010000110010000
0000000000001000000000000000000000000000000000000000000000000000000000000000000000000101010110100000
0000000000000000100000000000000000000000000000000000000000000000000000000000000000001000000110010000
0000000000000000000000000000000000000000000000000000000000000000000000000000000000000000000000000000
0000000000000000000000000000000000000000000000000000000000000000000010111100000000000100000110100000
0000000000000000000000000000000000000000000000000000000000000000000000000000000000000001100110010000
0000000000000000000000000000001001101100000000000000000000000000000000000000000011000100000110100000
0000000000000000000000000000000000000000000000000000000000000000000000000000000000000101010110100000
0000000000000000000000000000000000000000000000000000000000000000000000000000000000000100000110100000
0000000000000000000000000000000000000000000000000000000000000000000000000000000000000011010110110000
0000000000000000000000000000000000000000000000000000000000000000000000000000000011000100000110100000
0000000000000000000000000000000000000000000000000000000000000000000000000000000000001000000101010000
0000000000000011000000000000000000000000000000000000000000000000000000000000000000000101010110100000
0000000000000011000000000000000000000000000000000000000000000000000000000000000000000101010110100000
0001111110000000100000000000000000000000000000000000000000000000000000000000000011000100000110100000
0000000000000000000000000000000000000000000000000000000000000000000000000000000000000101010110100000
0000000000000000000000000000000000000000000000000000000000000000000000000000000000000000000000000000
0000000000000000000000000000000000000000000000000000000000000000000000000000000000000001100110010000
0000000000000011000000000000000000000000000000000000000000000000000000000000000000000101010110100000
0000000000000000000000000000000000000000000000000000000000000000000000000000000000000101010110100000
0000000000000000000000000000000000000000000000000000000000000000000000000000000000000001110110110000
0000000000000000011000000000000000000000000000000000000000000000000000000000000000000000000000000000
0000000000000000000000000000000000000000000000000000000000000000000000000000000000000001010101110000
0000000000000000000000000001000000101100000000000000000000000000000000000000000011000100000110100000
0000000000010000000000000000000000000000000000000000000000000000000000000000000000000001010110100000
0000000000000000000000000000000000000000000000000000000000000000000000000000000000001000000110010000
0000000000000000000000000000000000000000000000000000000000000000000000000000000000000010000110010000
0000000000000000000000000000000100111100000011101100110101101101010000000000000011000100000110100000
0000000000000000100000000000000000000000000000000000000000000000000000000000000000001000000110010000
0000000000000000000000000000000000000000000000000000000000000000000000000000000000000001010101110000
0000000000000000000000000000000000000000000000000000000000000000000000000000000000000001100110010000
0000000000000000000000000000000100010000000011110100000000101101010000000000000000000100000110100000
0000000000000000000000000000000000000000000000000000000000000000000000000000000000000001010101100000
0000000000000000000000000000000000000000000000000000000000000000000000000000000000000001100110010000
0000000000001000000000000000000000000000000000000000000000000000000000000000000000000101010110100000
0000000000000000000000000000000000000000000000000000000000001111010000000000000000000000000000000000
0000000000000000000000000000000000000000000000000000000000011111111000000000000000000100000110101111
0000000000000000000000000000000000000000000000000000000000000000000000000000000000000010000110010000
0000000000000000000000000000000100010000000000000000000000000000000000000000000000000100000110100000
0000000000000000000000000000000000000000000000000000000000000000000000000000000011110100000110100000
0000000000000000000000000000000000000000000000000000000000000000000000000000000000000010000101010000
0000000000000000000000000000000100111100000011101111010101101101010000000000000011000100000110100000
0000000000000100000000000000000000000000000000000000000000000000000000000000000000000001010110100000
0000000000000000000000000000000000000000000000000000000000000000000000000000000011000100000110100000
0000000000000000000011101100000000000011111100000000000000000000000000000000000000000100000110100000
0000000000000000000000000000000000000000000000000000000000000000000000000000000000000101010110100000
0000000000000000000000000000000000000000000000000000000000000000000000000000000000000001010101100000
0000000000000000000000000000000000000000000000000000000000000000000000000000000000001101010110110000
0000000000000000000000000000000000000000000000000000000000000000000000000000000000000001100101010000
0000000000000000000000000000000000000000000000000000000000000000000000000000000000000100000110101111
0000000000000000000000000000000000000000000000000000000000000000000000000000000000000010000110010000
0000000000000000000000000000000000000000000000000000000000000000000000000000000000000000000000000000
0000000000000000000000000000000000000000000000000000000000000000000000000000000000000000000000000000
0000000000000000000000000000000100010000000011110110000000101101010000000000000000000100000110100000
1100000000000000100000000001110000101110000000000000000000000000000000000000000011000100000110100000
0000000000000000000000000000000000000000000000000000000000001111011000000000000000000100000110101111
0000000000000011000000000000000000000000000000000000000000000000000000000000000000000101010110100000
0000000000000000000000000000000000000000000000000000000000000000000000000010010000000000000000000000
0000000000000000000000000000000000000000000000000000000000000000000000000010101100000000000000000000
0000000000000000000000000000000000000000000000000000000000000000000011111100000000000100000110100000
0000000000000000000000000011000000101100000000000000000000000000000000000000000011000100000110100000
0000000000000000000000000000000000000000000000000000000000000000000000000000000000001000000110010000
0000000000000000000000000000000000000001111100000000000000000000000000000000000000000100000110100000
0000000000100000000000000000000000000000000000000000000000000000000000000000000000000101010110100000
0000000000000000000000000000000000000000000000000000000000000000000000000000000000000001010101110000
0000000000000000000000000000000000000000000000000000000000000000000000000001000000000000000000000000
0000000000000000000000000000000000000000000000000000000000000000000000000000000000001000000110010000
0000000000000000000000000000000100010000000011101100110011101101010000000000000000000100000110100000
0000000000000000000000000000000000000000000000000000000000000000000000000000000000000100000110100000
0000000000000000000000000000000100010000000011110100000000101101010000000000000000000100000110100000
0000000000000000000000000000000000000000000000000000000000000000000000000000000000000000000000000000
0000000000001000000000000000000000000000000000000000000000000000000000000000000000000101010110100000
0000000000000000110100000000000000000000000000000000000000000000000000000000000000000000000000000000
0000000000000000000000000000000000000000000000000000000000000000000000000000000000000001010101100000
0000000000000000000000000000000100111100000011101100110101101101010000000000000011000100000110100000
0000000000000111000000000000000000000000000000000000000000000000000000000000000000000101010110100000
0000000000000000000000000000000100010000000011101100101000101101010000000000000000000100000110100000
0000000000000000000000000001000000000000000000000000000000000000000000000000000000000000000000000000
