000110000000000100000000000000000
000110000000000001000000000000000
000110000000000010000000000000000
000110100000000000000000000000000
111000000000000000011111111101100
000110001000000000000000000000000
000110000000001000000000000000000
000110000000100000000000000000000
000110000000010000000000000000000
000111000000000000000000000000000
000110000100000000000000000000000
000000000000000000000000000110011
000110000001000000000000000000000
000110010000000000000000000000000
000110000010000000000000000000000
000110000000000000100000000000000
