00000000000000000000000000000000000001100000000000000000000000000000000110000111111111100000010111110000011100000000000000000000000000000000000011111000000000110000000000000000001100000000001011111
00000000000000000000000000000000000000000000000000000000000000000000000000000000000000000000000000000000000000000000000000000000000000000000001100000111000011000001110000000000110000011100000000000
00000000000000000000000001000000000000000000000000000000000000000000000000000000000000000000000000000000000000000000000000000000000000000000000000000000000000000000001110000110000000000000000000000
00000000000000000000000000000000000001100000000000000000000000000000000000000000111000000000000000000000011100000000000000000000000000000000000000000000000000000000000000000000000000000000010101111
00000000000000000000000000000000000000000000000000000000000000000000000000000000000000000000000000000000000000000000000000000000000000000000000000000000000000000000000000000000000000000000000000000
00000000000000000000000000000000000001100000000000000000000000000000000110000000111000000000010111110011111111110000000000000000000000000000000000000000000000000000000000000000000000000000001011111
00000000000000000000000000000000000000000000000000000000000000000000000000000000000000000000000000000000000000000000000000000011111100000000000000000000000000000000000000000000000000000000000000000
00000000000000000000000000000000000001100000000000000000000000000000000000000000000000000000000000000000000000000000000000000000000000000000000000000000000000000000000000000000000000000000000000000
00000000000000000000000000000000000000000000000000000000000000000000000000000000000000000000000000000000000000000000000000000011000000000000000000000000000000000000000000000000000000000000000000000
00000000000000000000000000000000000000000000000000000000000000000000000000000000000000000000000000000000000000000000000000000011111100000000000000000000000000000000000000000000000000000000000000000
00000000000000000000000000000000000000000000000000000000000000000000000000000000000000000000000000000000000000000000000000000000000000000000000000000000000000000000000000000000000000000000000000000
00000000000000000000000100000000000000011001111111111000000000000000000000000000000000000000000000000000000000000000000000000000000000000000000000000000000000000000000000000000000000000000000000000
00000000000000000000000000000000000000000000000000000000011111000000000000011000000000000100101000001111100000000000000000000011111100000000000000000000000000000000000000000000000000000000000000000
00000000000000000000000010000000000000011001111111111000000000000000000000000000000000000000000000000000000000000000000000000000000000000000000000000000000000000000000000000000000000000000000000000
00000000000000000000000000000000000000000000000000000000000000000000000000000000000000000000000000000000000000000000110011111100000011001111110000000000011100000000000000000000000000000000000000000
00000000000000000000000000000000000000000000000000000000000000000000000000000000000000000000000000000000000000000000000000000000000000000000001100111111000011000001110000000000110011111100000000000
00000000000000000000000000000000000000000000000000000000000000000000000000000000000000000000000000000000000000000000000000000000000000000000000000000000000000000000000000000000000000000000000000000
00000000000000000000000000000000000000000000000000000000000000000000000000000000000000000000000000000000000000000000000000000000000000000000000000000000000000000000000000000000000000000000000000000
00000000000000000000000000000000000000000000000000000000000000000000000000000000000000000000000000000000000000000000000000000000000000000000000000000000000000000000000000000000000000000000000000000
00000000000000000000000000000000000000000000000000000111100111111111111000000000111000000000000000000000000000000000000000000000000000000000000000000000000000000000000000000000000000000000000000000
00001011000001110000000000000000001110000000000000000000000000000000000000000000000000000000000000000000000000000000000000000000000000000000000000000000000000000000000000000000000000000000000000000
00000000000000000000000001000000000000000000000000000000000000000000000000000000000000000000000000000000000000000000000000000000000000000000000000000000000000000000001101101111000000000000000000000
00000000000000000000000000000000000000000000000000000000000000000000000000000000000000000000000000000000000000000000000000011100000000000001110000000000100000000000000000000000000000000000000000000
00000000000000000000000000000000000000000000000000000000000000000000000000000000000000000000000000000000000000000000000000000011110000000000000000000000000000000000000000000000000000000000000000000
00000100110000000000000000000000000000000000000000000000000000000000000001111111111111100000000000110011111100000000000000000000000000000000000000000000000000000000000000000000000000000011100000000
00000000000000000000000000000000000000000000000000000000000000000000000001100000111000000000000000110011111100000000000000000000000000000000000000000000000000000000000000000000000000000011100000000
00000000000000000000000000000000000000000000000000000000000000000000000000000000000000000000000000000000000000000000000000000000000000000000001100000111000011000001110000000000110000011100000000000
00000000000000000000000000000000000000000000000000000000000000000000000000000000111000011011010111110011111100001111000000000000000000000000000000000000000000000000000000000000000000000000000100000
00001011000001110000000000000000001110000000000000000000000000000000000000000000000000000000000000000000000000000000000000000000000000000000000000000000000000000000000000000000000000000000000000000
10101011000001110000011000000000001110000000000000000000000000000000000000000000000000000000000000000000000000000000000000000000000000000000000000000000000000000000000000000000000000000000000000000
00000000000000000000000001000000000000000000000000000000000000000000000000000000000000000000000000000000000000000000000000000000000000000000000000000000000000000000001101011001000000000000000000000
00000000000000000000000000000000000001100000000000000000000000000000000000000000111000000000010111110000011100000000000000000000000000000000000000000000000000000000000000000000000000000000001101111
00000100110000000000000000000110000000000110000000000000000000000000000000000000000000000000000000000000000000000000000000000000000000000000000000000000000000000000000000000000000000000000000000000
00000000000000000000000000000000000000000000000000000111100111111111111000000000111000000000000000000000000000000000000000000000000000000000000000000000000000000000000000000000000000000000000000000
01010100111110000000000000000110000001100000000000000000000000000000000000000000000000000000000000000000000000000000000000000000000000000000000000000000000000000000000000000000000000000000000000000
00000000000000000000000000000110000000000000000000000000000000000000000000011000000000000000000000001100000000000000000000000000000000000000001100000111000011001111110000000000110011111100000000000
00000100111110000000000000000111110001100000000000000000011000000000000000011000111000000000011111111111111100000000000000000000000000000000000011000000000000111110000000000000001111100000001101111
00000000000000000000000000000000000001100000000000000000000000000000000000000000111000000000010111110011111100000000000000000000000000000000000000000000000000000000000000000000000000000000001101111
00000000000000000000000000000000000000000000000000000000000000000000000000000000000000000000000000000000000000000000000000000011110000000000000000000000000000000000000000000000000000000000000000000
00000000000000000000000000000000000000000000000000000000000000000000000000011000000000000000000000000000000000000000000000000000000000000000000011111000000000111110000000000000001100000000000000000
00000000000000000000000000000000000000000000000000000000000000000000000000000000000000000000000000000000000000000000000000000000000000000000001100111111000011001111110000000000110011111100000000000
00000000000000000000000000000000000001100000000000000000000000000000000000000000111000000000010111110000011100000000000000000000000000000000000000000000000000000000000000000000000000000000001101111
00000000000000000000000000000000000000000000000000000000000000000000000000000000000000000000000000000000000000000000000000000011110000000000000000000000000000000000000000000000000000000000000000000
00001011000001110000000000000000001110000000000000000000000000000000000000000000000000000000000000000000000000000000001111100000000000110000000000000000000000000000000000000000000000000000000000000
00000011001111111111100000000000001110000000000000000000000000000000000000000000000000000000000000000000000000000000000000000000000000000000000000000000000000000000000000000000000000000000000000000
00000000000000000000000000000000000001100000000000000000000000000000000000000000111000000000010111110011111100000000000000000000000000000000000000000000000000000000000000000000000000000000001101111
00000000000000000000000000000000000001100000000000000000000000000000000000000000111000000000010111110000011100000000000000000000000000000000000000000000000000000000000000000000000000000000001101111
00000000000000000000000000000000000001100000000000000000000000000000000000000000111000000000010111110011111100000000000000000000000000000000000000000000000000000000000000000000000000000000001101111
00000000000000000000000000000000000000000000000000000000000000000000000000000000000000000000000000000000000000000000000000000011111100000000000000000000000000000000000000000000000000000000000000000
00000000000000000000000000000000000000000000000000000000000000000000000000000000000000000000000000000000000000000000000000000011111100000000000000000000000000000000000000000000000000000000000000000
00000000000000000000000000100000000000000000000000000000000000000000000000000000000000000000000000000000000000000000000000000000000000000000000000000000000000000000001000000000000000000000000000000
00000100110000000000000000000110000000000000000000000000000000000000000000011000000000000000001000001111100000000000000000000011110000111110000000000000000000000000000000000000000000000000000000000
00000000000000000000000000000000000000000000000000000000000000000000000000000000000000000000000000000000000000000000000000000000000000000000001100111111000011000001110000000000110011111100000000000
00000000000000000000000000000000000000000000000000000000000000000000000000000000000000000000000000000000000000000000000000000000000000000000000000000000000000000000000000000000000000000000000000000
00000000000000000000000000000000000000000000000000000111100111111000011000000111111111100000000000000000000000000000000000000000000000000000000000000000000000000000000000000000000000000000000000000
00000011001111111111100000011001111110000000000000000000000000000000000000000000000000000000000000000000000000000000000000000000000000000000000000000000000000000000000000000000000000000000000000000
