000000000000000000000000000000000000000000000000000000000000000000110000000000000000000000000000000000000000001001011110100100001100011110011100000000000000000000000000000000000000110000000000000000000000010000000000000000000000000100000000000000000000001111110001000000000010
000010001011000000000000000111000000000000100000000001000110000000000000000000000000000000000000000000010000000000100000000100010011000000000000000000100000000000000000000000100000011111000000111000000100111111000000000000000000001111100000000000000000000000000000000000000000
000000000000000000000000000000000000000000000000000001100000000000000000000000011000000000000000000000000000000000000000000000000000000000000000000000000000000000000000000000110000000000000000000000000000000001111110000000000000000000000000000000000000000000000000000000000000
000000000000000000000000000000000000000000000000000000000000000000110000000000000000000000000000000000000000000000001010100000000000011000011100000000000000000000000000000000000000000000000000000000000000000000000000000000000000000000000000000000000000001111111101010000100000
000000000000000000000000000000000000000000000000000000000000000000000000000000000000000000000000000000000000000000000000000000000000000000000000000000000000000000000000000000000000000000000000000000000000000000000000001111111010000000000000000000000000000000000000000000000000
000000000000000000000000000000000000000000000000000000000000000000110000000000000000000000000000000000000000000000001110100101001110111110011100000000000000000000000000000000000000000000000000000000000000000000000000000000000000000000000000000000000000001111110001000000010000
000000000000000000000000000000000000000000000000000000000000000000000000000000011000000000000000000000000000000000000000000000000000000000000000000000111010110001000000000000000000000000000000000000000000000000000000000000000000000000000000000000000000000000000000000000000000
000000000000000000000000000000000000000000000000000000000000000000111101000000000000000000000000000000000000000000000000000000000000000000000000000000000000000000000000000000000000000000000000000000000000000000000000000000000000000000000000000000000000000000000000000000000000
000000000000000000000000000000000000000000000000000000000000000000000000000000011000000000000000000000000000000000000000000000000000000000000000000000111010000000001000000000000000000000000000000000000000000000000000000000000000000000000000000000000000000000000000000000000000
000000000000000000000000000000000000000000000000000000000000000000000000000000011000000000000000000000000000000000000000000000000000000000000000000000111010111000000000000000000000000000000000000000000000000000000000000000000000000000000000000000000000000000000000000000000000
000000000000000000000000000000000000000000000000000000000000000000000000000000000000000000000000000000000000000000000000000000000000000000000000000000000000000000000000000000111100000000000000000000000000000000000000000000000000000000000000000000000000000000000000000000000000
100000000000000000000000000000000000000000011000001110000000001000000000000000000111110111100000000000000000100000000000100000000000000000000000000000000000000000000000000000000000000000000000000000000000000000000000000000000000000000011000000000000000000000000000000000000000
000000000000000000000000000000000000000000000000000000000000000000000000000000011000000000000000000000110000000000100000011100010011000000000000000000111110110000000100000000000000000000000000000000000000000000000000000000000000000000000000000000000000000000000000000000000000
100000000000000000000000000000000000000000000111110000000000001000000000000000000010110111100000000000000000100000000000100000000000000000000000000000000000000000000000000000000000000000000000000000000000000000000000000000000000000000011000000000000000000000000000000000000000
000000000000000000000000000000000000000000000000000000000000000000000000000000000000000000000000000000000000000000000000000000000000000000000000101110100000000000000000011011100000000001101110000000000000000000000000000000000000000000011110000000000000000000000000000000000000
000000000000000000000000000000000000000000000000000001000000000000000000000000000000000000000000000000000000000000000000000000000000000000000000000000100000000000000000000000100000101111000000111010000000001111000000000000000000001011100000000000000000000000000000000000000000
000000000000000000000000000000000000000000000000000000000000000000000000000000000000000000000000000000000000000000000000000000000000000000000000000000000000000000000000000000000000000000000000000000000000000000000000001111111100000000000000000000000000000000000000000000000000
000000000000000000000000000000000000000000000000000000000000000000000000000000000000000000000000000000000000000000000000000000000000000000000000000000000000000000000000000000000000000000000000000000000000000000000000001111111001000000000000000000000000000000000000000000000000
000000000000000000000000000000000000000000000000000000000000000000000000111110000000000000000000000000000000000000000000000000000000000000000000000000000000000000000000000000000000000000000000000000000000000000000000001001000000000000000000000000000000000000000000000000000000
000000000000000000000000000000000000000000000000000000000000000000000000000000000000000000111010010101101111100010001010100000000000000000000000000000000000000000000000000000000000000000000000000000000000000000000000000000000000000000000000000000000000000000000000000000000000
110010000100011100111000100000000000000000000000000000000001101000000000000000000000000000000000000000000000000000000000000000000000000000000000000000000000000000000000000000000000000000000000000000000000000000000000000000000000000000010010000000000000000000000000000000000000
000000000000000000000000000000000000000000000000000001100000000000000000000000011000000000000000000000000000000000000000000000000000000000000000000000000000000000000000000000110000000000000000000000000000000001111101000000000000000000000000000000000000000000000000000000000000
000000000000000000000000000000000000000000000000000000000000000000000000000000000000000000000000000000000000000000000000000000000000000000000011001010100000000000000001100011100000000001111011000000000000000000000000000000000000000000011000000000000000000000000000000000000000
000000000000000000000000000000000000000000000000000000000000000000000000000000011000000000000000000000000000000000000000000000000000000000000000000000111010100010000000000000000000000000000000000000000000000000000000000000000000000000000000000000000000000000000000000000000000
000000000000000000000000000000000000000000000000000000000000000000000000000000000000000000000000000000000000001001011011100000000010011010010000000000000000000000000000000000000000000000000000000000000000000000000000001000010000000000000000011111111111010000000000000000000000
000000000000000000000000000000000000000000000000000000000000000000000000000000000000000000000000000000000000000000001011100000000010011010010000000000000000000000000000000000000000000000000000000000000000000000000000001111110000000000000000011111111110110000000000000000000000
000000000000000000000000000000000000000000000000000001000000000000000000000000000000000000000000000000000000000000000000000000000000000000000000000000100000000000000000000000100000001111000000111000001000001111000000000000000000000011100000000000000000000000000000000000000000
000000000000000000000000000000000000000000000000000000000000000000100000000000000000000000000000000000000000010100001010111110101110011111111100000000000000000000000000000000000000000000000000000000000000000000000000000000000000000000000001100000000000001001010011000000000001
110010000100011100111001000111000000000000100000000000000001101000000000000000000000000000000000000000000000000000000000000000000000000000000000000000000000000000000000000000000000000000000000000000000000000000000000000000000000000000010100000000000000000000000000000000000000
111110000100011111111000010111000000000000100000000000000001101000000000000000000000000000000000000000000000000000000000000000000000000000000000000000000000000000000000000000000000000000000000000000000000000000000000000000000000000000010100000000000000000000000000000000000000
000000000000000000000000000000000000000000000000000001100000000000000000000000011000000000000000000000000000000000000000000000000000000000000000000000000000000000000000000000100000000000000000000000000000000001111100100000000000000000000000000000000000000000000000000000000000
000000000000000000000000000000000000000000000000000000000000000000110000000000000000000000000000000000000000000000001010100100001100011110011100000000000000000000000000000000000000000000000000000000000000000000000000000000000000000000000000000000000000001111110001000001000000
000010001001000000000000000000000000000000000000000000000010001111000000000000000000001000000000000000000000000000000000000000000000000000000000000000000000000000000000000000000000000000000000000000000000000000000000000000000000000000000000000000000000000000000000000000000000
000000000000000000000000000000000000000000000000000000000000000000000000000000000000000000111100000101101111100010001010100000000000000000000000000000000000000000000000000000000000000000000000000000000000000000000000000000000000000000000000000000000000000000000000000000000000
001110001011000000000000000000000000000000000000000000000010000000111110000000000000000000000000000000000000000000000000000000000000000000000000000000000000000000000000000000000000000000000000000000000000000000000000000000000000000000000000000000000000000000000000000000000000
000010001001000000000000000000000000000000000000000001000010000000000000000000000000000000000000000000000000000000100000000100010011000000000000000000100000000000000000000000100000001111000000111100000000101111000000000000000000001011100000000000000000000000000000000000000000
000000000000000000000000000000000000000000000000000000000000000000110000000000000000000000000000000000000000000000001010100100001100011110011100000000000000000000000000000000000000000000000000000000000000000000000000000000000000000000000000000000000000001111111101010010000000
000000000000000000000000000000111000000100000000000000000000000000110000000000000000000000000000000000000000000000001010100100001110011110011100000000000000000000000000000000000000000000000000000000000000000000000000000000000000000000000000000000000000001111110001001000000000
000000000000000000000000000000000000000000000000000000000000000000000000000000011000000000000000000000000000000000000000000000000000000000000000000000111010100000010000000000000000000000000000000000000000000000000000000000000000000000000000000000000000000000000000000000000000
000000000000000000000000000000000000000000000000000000000000000000000000110101000000000000000000000000000000000000100000000000000000000000000000000000000000000000000000000000000000110000000000000000000000110000000000001001010000000100000000000000000000000000000000000000000000
000000000000000000000000000000000000000000000000000001000000000000000000000000000000000000000000000000000000000000000000000000000000000000000000000000100000000000000000000000100011101111000000111000110011101111000000000000000000111011100000000000000000000000000000000000000000
000000000000000000000000000000000000000000000000000000000000000000110000000000000000000000000000000000000000000000001010100100001100011110011100000000000000000000000000000000000000000000000000000000000000000000000000000000000000000000000000000000000000001111111101010000000100
000000000000000000000000000000000000000000000000000000000000000000000000000000011000000000000000000000000000000000000000000000000000000000000000000000111010100000100000000000000000000000000000000000000000000000000000000000000000000000000000000000000000000000000000000000000000
110010000100011100111000001000000000000000000000000000000001101000000000000000000000000000000000000000000000000000000000000000000000000000000000110000000000000000000000000100000000000000000000000000000000000000000000000000000000000000010010000000000000000000000000000000000000
110001110010111100101010000000000000000000000000000000011001101000000000000000000000000000000000000000000000000000000000000000000000000000000000000001000000000000000000000000000000000000000000000000000000000000000000000000000000000000010000000000000000000000000000000000000000
000000000000000000000000000000111000000100000000000000000000000000110000000000000000000000000000000000000000000000001010100100001110011110011100000000000000000000000000000000000000000000000000000000000000000000000000000000000000000000000000000000000000001111110001000100000000
000000000000000000000000000000000111000010000000000000000000000000110000000000000000000000000000000000000000000000001010100100001100011110011100000000000000000000000000000000000000000000000000000000000000000000000000000000000000000000000000000000000000001111110001100000000000
000000000000000000000000000000000000111001000000000000000000000000110000000000000000000000000000000000000000000000001010100100001110011110011100000000000000000000000000000000000000000000000000000000000000000000000000000000000000000000000000000000000000001111110001000000001000
000000000000000000000000000000000000000000000000000000000000000000000000000000011000000000000000000000000000000000000000000000000000000000000000000000111010110100000000000000000000000000000000000000000000000000000000000000000000000000000000000000000000000000000000000000000000
000000000000000000000000000000000000000000000000000000000000000000000000000000011000000000000000000000000000000000000000000000000000000000000000000000111011110000000000000000000000000000000000000000000000000000000000000000000000000000000000000000000000000000000000000000000000
000000000000000000000000000000000000000000000000000001100000000000000000000000011000000000000000000000000000000000000000000000000000000000000000000000000000000000000000000000100000000000000000000000000000000001011100010000000000000000000000000000000000000000000000000000000000
000010001001000000000000000000000000000000000000000000000010000000000000000000011000000000000000000000000000000000100000000100010011000000000000000000111010100000000010001100000000000000000000000000000000000000000000000000000000000000000000000000000000000000000000000000000000
000000000000000000000000000000000000000000000000000001000000000000000000000000000000000000000000000000000000000000000000000000000000000000000000000000100000000000000000000000100000101111000000111001000000001111000000000000000000001011100000000000000000000000000000000000000000
000000000000000000000000000000000000000000000000000000000000000000000000110100100000000000000000000000000000000000000000000000000000000000000000000000000000000000000000000000000000000000000000000000000000000000000000001001000000000000000000000000000000000000000000000000000000
000000000000000000000000000000000000000000000000000000000000000000000000000000000000000000111001111011100111101011011010100000000000000000000000000000000000000000000000000000000000000000000000000000000000000000000000000000000000000000000000000000000000000000000000000000000000
110000100010111100101100000000000000000000000000000000000101111000000000000000000000000000000000000000000000000000000000000000000000000000000000000000000000000000000000000000000000000000000000000000000000000000000000000000000000000000010000000000000000000000000000000000000000
