11000000000000000010010000010000000000000011010000110100000101111
00000000000000000000000000000000000000000000100000110010000000000
00000000000000000000000000111011001101010000000000000000000000000
00000000000000000000000000000000000000000011010000110100000000000
00000000000000000000000000000000001111011100010000110101111000000
00000000000000000000000000000000000000000000001000101010000000000
10100000000000000010000000010000000000000000010000110100000000000
00000000000000000000000000000000000000000000000110101010000000000
00000000000000000000000001011011001101010000010000110100000101111
00000000000000000000000000000000000000000000000101110100000000000
00000001010000000010000000010000000000000000010000110100000000000
00000000000000000000000000000000000000000000001000110010000000000
00000000000000000010000000010000000000000000100000110010000000000
00000000000001010100000000000000000000000000000000000000000000000
00000000000000000000000000000000000000000000001101110110000000000
00000000000000000000000000000000000000000000010000110100000000000
00000000000000000000000000000000000000000000100000101010000000000
00011111100000000010000000010000000000000000010000110100000000000
00000000000100000000000000000000000000000000010101110100000000000
00000000000000000000000000000000000000000000000000000000000000000
00000000000000000000000000000000000000000000000111110110000000000
00000000000000000001100000010000000000000000000000000000000000000
00000000000000000000000000000000000000000000000101101110000000000
00000000000000000000000000000000000000000000100000110010000000000
00000000000000000000000000000000000000000000100000110010000000000
00000000000000000010000000010000000000000000100000110010000000000
00000000000000000000000000000000000000000000000110110010000000000
00000000000000000000000000000000000000000000010000110100000010000
00000000000000000000000000011101001101010000000000000000000000000
00000000000000000000000000000000000000000000000110110010000000000
00000000000000000000000000000000011111111000010000110101111000000
00000000000000000000000000000000001111010000000000000000000000000
00000000000000000000000000000000000000000000001000110010000000000
00000000000000000000000000000000000000000000001000101010000000000
00000000001000000000000000000000000000000000000101110100000000000
00000000000000000000011110010000000000000000000000000000000000000
00000000000000000000000000000000000000000000000110101010000000000
00000000000000000000000000000000000000000000010000110101111000000
00000000000000000000000000000000000000000000000000000000000000000
00000000000000000000000000011101101101010000000000000000000000000
11000000000000000010010000010000000000000011010000110100000101111
00000000000000000000000000000000001111011000010000110101111000000
00000000000000000000000000000000000000000011010000110100000000000
00000000000100000000000000000000000000000000010101110100000000000
00000000000000000000000000000000000000000000010000110100000000000
00000000000000000000000000000000000000000000100000110010000000000
00000000000000000000000000000000000000000000000101101110000000000
00000000000010101000000000000000000000000000000000000000000000000
00000000000000000000000000000000000000000000000000000000000000000
00000000000000000000000000000000000000000000010000110100000101111
00000000000000000000000000000000000000000000100000110010000000000
00000000000000000010000000010000000000000000000000000000000000000
00000000001000000000000000000000000000000000000101110100000000000
