00001111111000000000000000000000000000000000000000001011111101000001000000010110100000000000000000000000000000011000000000000000000000000001110000011010000000000000011101000000000
00000000000000000000000000000000000000000000000000000000000000000000000000000000000000000000000000000000000000000000000000000000000000000000000000001010000000000000000010110000010
00000000000000000000000000000000101111110100000000000000000000000001100111100000011110001010100001100000000000000000000000000000000000000000000000000000000000000000000000000000000
00000000000000000000000000000000000000000000000000000000000000000000000000000000000000000000000000000000000000000000000000000000000000000000111110001010000000000000000000000000000
00000000000000000000000000000000111101011000000000000000000000000000000000000000000000000011100111100011001000000000000000000000000000000000000000001010000000000100000000000000000
00000000000000000000000000000000000000000000000000000000000000000000000000000000000000000000000000000000000000000000000000000000000000000000000000001100010000100000000000000000000
10101110110010000000000000000000000000000000000000001011010011100001000000000001100000000000000000000000000000000000000000000000000000000001000000001010000000000000000000000000000
00000000000000000000000000000000000000000000000000000000000000000000000000000000000000000000000000000000000000000000000000000000000000000000000000001100010000001000000000000000000
00000000000000000000000000000000101111110100000000000000000000000001110101100000011110010010100001100000000000000000000000000000000000000000000000001010000000000000001101000000000
00000000000000000000000000000000000000000000000000000000000000000000000000000000000000000000000000000000000000000111011100000000000000000000000000001100000000000000000000000000000
10100000000000111111000000000000000000000000000000001011010011100001000000000001100000000000000000000000000000000000000000000000000000000001000000001010000000000000000000000000000
01010000000000000000000000000000000000000000000000000000000000000000000000000000000000000000000000000000000000000101011000001000000000000000000000001100000000000000000000000000000
00000000000000111110100000000000000000000000000000001011000000000001000000000000000000000000000000000000000000000000000000000000000000000001000000001010000000000000000000000000000
00000000000000000000000000000000000000000011111111100000000000000000000000000000000000000000000000000000000000000000000000000000000000000000000000000000000000000000000000000000000
01010000000000000000000000000000000000000000000000000000000000000000000000000000000000000000000000000000000000000101011000100000000000000000000000001100000000000000000000000000000
00000000000000000000000000000000000000000000000000000000000000000000000000000000000000000000000000000000000000000000000000000000000000000000000000001010000000000000000001110010000
00000000000000000000000000000000000000000000000000000000000000000000000000000000000000000000000000000000000000000000000000000000000000000000000000001010010001000000000000000000000
00000000000000111110010000000000000000000000000000001011010000000001000000000000000000000000000000000000000000000000000000000000000000000001000000001010000000000000000001000000000
00000000000000000000001111010000000000000000000000000000000000000000000000000000000000000000000000000000000011100000000000000000000000000000000000001110000000000000000010000000000
00000000000000000000000000000000000000000000000000000000000000000000000000000000000000000000000000000000000000000000000000000110111111011010000000000000000000000000000000000000000
01010000000000000000000000000000000000000000000000000000000000000000000000000000000000000000000000000000000000000101011001000000000000000000000000001100000000000000000000000000000
00000000000000000000000000000000000000000000000000001011000000011011000000000000000000000000000000000000000000000000000000000000000000000000000000000000000000000000000000000000000
00000000000000000000000000000000000000000000000000000000000000000000000000000000000000000000000000000000000000000000000000000000000000000000000000001101110010000000000000000000000
00000000000000000000000000000000000000000000000000000000000000000000000000000000000000000000000000000000000000000000000000000000000000000000011100101010000000000000000000000000000
00000000000000000000000000000000000000000000000000000000000000000000000000000000000000000000000000000000000000000000000000000000000000000000000000001010000000000000000100110000100
00001110110001000000000000000000000000000000000000001011000000000001000000000000000000000000000000000000000000000000000000000000000000000001000000001010000000000000000000000000000
00000000000000000000001111001000000000000000000000000000000000000000000000000000000000000000000000000000000000000000000000000000000000000000000000001100000000000000000000000000000
00000000000000000000000000000000000000000000000000000000000000000000000000000000000000000000000000000000000000000000000000000000000000000000000000001010000000000000000100110001000
00000000000000000000000000000000101101010000000000000000000000000001000101000000011110000110100001100000000000000000000000000000000000000000000000000000000000000000000000000000000
01010000000000000000000000000000000000000000000000000000000000000000000000000000000000000000000000000000000000000101011000010000000000000000000000001100000000000000000000000000000
00000000000000000000000000000000111101010000000000000000000000000000000000000000000000000011100111111111100000000000000000000000000000000000000000001010000000000100000000000000000
00000000000000000000000000000000111101010000000000000000000000000000000000000000000000000010111001100011000100000000000000000000000000000000000000000000000000000000000000000000000
00000000000000000000001111000100000000000000000000000000000000000000000000000000000000000000000000000000000000000000000000000000000000000000000000001100000000000000000000000000000
00000000000000000000000000000000000000000000000000000000000000000000000000000000000000000000000000000000000000000000000000000000000000000000000000001101010000010000000000000000000
01000000000000000000001111000001000000000000000000000000000000000000000000000000000000000000000000000000000000000000000000000000000000000000000000001100000000000000000000000000000
00000000000000000000000000000000100000000000000000000000000000000001000000000100001110100000000000000000000000000000000000000000000000000000000000000000000000000000000000000000000
00000000000000000000000000000000000000000000000000000000000000000000000000000000000000000000000000000000000000000000000000000000000000000000000000001100010100000000000000000000000
00000000000000000000000000000000000000000000000000000000000000000000000000000000000000000000000000000000000000000000000000000000000000000000000000001010000000000111000000000000000
00000000000000000000000000000000000000000000000000000000000000000000000000000000000000000000000000000000000000000100111010000000000000000000000000000000000000000000000000000000000
00000000000000000000000000000000101111010100000000000000000000000001001101001000011111000010100001100000000000000000000000000000000000000000000000000000000000000000000000000000000
00001111110100000000000000000000000000000000000000001111111101000001010000010110100000000000000000000000000000000000000000000000000000000001110000001010000000000000001101000000000
00000000000000000000000000000000111101011000000000000000000000000000000000000000000000000011100111100011010000000000000000000000000000000000000000001010000000000100000000000000000
00000000000000000000000000000000000000000000000000000000000000000000000000000000000000000000000000000000000000000000000000000000000000000000111101001010000000000000000000000000000
00000000000000000000001111100000000000000000000000000000000000000000000000000000000000000000000000000000000011100000000000000000000000000000000000001110000000000000000010000000000
00000000000000000000000000000000000000000000000000000000000000000000000000000000000000000000000000000000000000000000000000000000000000000000000000001010000000000000000010111000000
00000000000000000000000000000000000000000000000000000000000000000000000000000000000000000000000000000000000000000000000000000000000000000000000000001010000000000110100000000000000
00000000000000000000000000000000000000000000000000000000000000000000000000000000000000000000000000000000000000000000000000000000000000000000000000001101111000000000000000000000000
00000000000000000000000000000000000000000011110001010000000000000000000000000000000000000000000000000000000000000000000000000000000000000000000000000000000000000000000000000000000
00000000000000000000000000000000000000000000000000000000000000000000000000000000000000000000000000000000000000000000000000000111011111111100000000000000000000000000000000000000000
00000000000000000000000000000000000000000000000000000000000000000000000000000000000000000000000000000000000000000000000000000000000000000000000000001010000000000000001101110100000
00000000000000000000000000000000000000000000000000000000000000000000000000000000000000000000000000000000000000000000000000000000000000000000000000001010000000000000000001110000001
00000000000000000000000000000000000000000000000000001011010000011101000000000000000000000000000000000000000000000000000000000000000000000000000000000000000000000000000000000000000
01000000000000000000001111000010000000000000000000000000000000000000000000000000000000000000000000000000000000000000000000000000000000000000000000001100000000000000000000000000000
