0000000000000000000000101100000000000000000000000000000000000000000000000000000000000000000000000000000000000000000000000000000000000000000000000000000000000000000000000000
0000000000000000000000111100000000000000000000000000000000000000000000000000000000000000000000000000000000000000000000000000000000000000000000000000000000000000000000000000
0000000000000000000000101010000000000000000000000000000000000000000000000000000000000000000000000000000000000000000000000000000000000000000000000000000000000000000000000000
0000000000000000000001000000000000000000000000000000000000000000000000000000000000000000000000000000000000000000000000000000000000000000000000000000000000000000000000000000
0000000000000000000000101010000000000000000000000000000000000000000000000000000000000000000000000000000000000000000000000000000000000000000000000000000000000000000000000000
0000000000000101110101000001100000011111000000000000000000000000000000000000000000000000000000000000000000000000000000000000000000000000000000000000000000000000000000000000
0000000000000000000001000000000000000000000000000000000000000000000000000000000000000000000000000000000000000000000000000000000000000000000000000000000000000000000000000000
0000000000001000000000000000000000000000000000000000000000000000000000000000000000000000000000000000000000000000100000000000000000000000000000000111010000000000000000000000
1101111000000000000000000000000000000000000000000000000000000000000000001000000000000000000000000000000000000010010000000000000000000000000000000000000000011110100000000000
0000000111110000000000000000000000000000000000000000000000000000000000000000000000000000000000000000000000000111010011111110111111111111101011001111010000000001000000000000
0000000000000101010101000001100000000000111110000000000000000000000000000000000000000000000000000000000000000000000000000000000000000000000000000000000000000000000000000000
0000000000000000000000000000000000000000000000000000000000000000000000000110011111110000000000000000000000000000000000000000000000000000000000000000000000000000000000000000
0000000000000000000000101100000000000000000000000000000000000000000000000000000000000000000000000000000000000000000000000000000000000000000000000000000000000000000000000000
0000000000000000000000000000000000000000000000000000000000000000000000000000000000000000000000000000000000000000000000000000000000000000000000000000000000000000000000000000
0000000000000000000000000000000000000000000000000000000000000000000000000000000000000000000000000000000000000000000000000000000000000000000000000000000000011110000000000000
0000000000000001001011000001100000000000000000000000000000000000000000000000000000000000000000000000000000000000000000000000000000000000000000000000000000000000000000000000
1110111000000000000000000000000000000000000000000000000000000000000000001001111100000000000000000000000000000000000000000000000000000000000000000000000000011110100000000000
1101111000000000000000000000000000000000000001000111000000000111110100001000000000000000000000000000000000000011010000000000000000000000000000000111110110000000000000000111
0000000000000100000001000000000000000000000001000001000000000000000000000000000000000000000000000000000000000000000000000000000000000000000000000111111001111000000000000000
0000000000000000000001110000000000000000000000000001000000000000000000000000000000000000000000000000000000000000000000000000000000000000000000000111111001100000000000000000
0000000000000110000001000001111111100000000000000000000000000000000000000000000000000000000000000000000000000000000000000000000000000000000000000000000000000000000000000000
0000000000000000000000101100000000000000000000000000000000000000000000000000000000000000000000000000000000000000000000000000000000000000000000000000000000000000000000000000
0000000111110000000000000000000000000000000000000000111111111000000000000000000000000000000000000000000000000000000000000000000000000000000000000111010000000000000000000000
0000000000000000000001000000000000000000000000000000000000000000000000000000000000000000000000000000000000000000000000000000000000000000000000000000000000000000000000000000
0000000111110000000000000000000000000000000000000000111111111000000000000000000000000000000000000000000000000000000000000000000000000000000000000111010000000000000000000000
0000000000000000000000000000000000000000000000000000000000000000000000000000000000000000000000000000000000000000000000000000000000000000000000000000000000000000000000000000
0000000111110000000000000000000000000000000000000000000000000000000000000001111100000000000000000000000000000011010100001001110000111111110100110111010000000000000000000000
0000000000000000000001000000000000000000000000000000000000000000000000000000000000000000000000000000000000000000000000000000000000000000000000000000000000000000000000000000
0000000000000000000000101010000000000000000000000000000000000000000000000000000000000000000000000000000000000000000000000000000000000000000000000000000000000000000000000000
0000000000000000000001110000000000000000000001000001000000000000000000000000000000000000000000000000000000000000000000000000000000000000000000000111111001100000000000000000
0000000000000000000000000000000000000000000000000000000000000000000000000000000000000000000000001111111000000000000000000000000000000000000000000000000000000000000000000000
0000000000000000000000000000000000000000000000000000000000000000000000000000000000000011111111110000000000000000000000000000000000000000000000000000000000000000000000000000
0000000000000000000000000000000000000000000000000000000000000000000000000000000000001000000000000000000110111000000000000000000000000000000000000000000000011110100000000000
0000000000000000000000000000000000000000000000000000000000000000000000000000000000000000000000000000000000000000000000000000000000000000000000000000000000011110100000000000
0000000000000000000000000000000000000000000000111000000000000000000000000000000000000000000000000000000000000111011000001110111111111111100001000111010000000001000000000000
0000000000000000000000000000000000000000000000000011000000000001111010101000000000000000000000000000000111011000000000000000000000000000000000000111110110000000100000000000
0000000000000000000001110000000000000000000000000001000000000000000000000000000000000000000000000000000000000000000000000000000000000000000000000111111001100000010000000000
0000000000000000000000000000000000000000000000000011000000000001111010111000000000000000000000000000000111011000000000000000000000000000000000000111110110000000100000000000
0000000000000000000000000000000000000000000000000000000000000000000000000000000000000000000000000000000000000000000000000000000000000000000000000000000000000000000000000000
1101111000000000000000000000000000000000000000000000000000000000000000001000000000000000000000000000000000000010010000000000000000000000000000000000000000011110100000000000
0000000000000000000000101010000000000000000000000000000000000000000000000000000000000000000000000000000000000000000000000000000000000000000000000000000000000000000000000000
0000000000000000000000101100000000000000000000000000000000000000000000000000000000000000000000000000000000000000000000000000000000000000000000000000000000000000000000000000
0000000000000000000000000000000000000000000000000000000000000000000000000000000000000000000000000000000000000000000000000000000000000000000000000000000000011110100000000000
0000000000000000000000000000000000000000000000000000000000000000000000000000000000001100000000000000000110111000000000000000000000000000000000000000000000000000101011000000
0000000000000000000000000000000000000000000000000000000000000000000000000110011111110000000000000000000000000000000000000000000000000000000000000000000000000000000000000000
0000000000000000000000000000000000000000000000111000000000000000000000000000000000000000000000000000000000000011010000001000110000111111100000110111010000000000000000000000
0000000000000000000000000000000000000000000000000000000000000000000000000000000000000000000000000000000000000000000000000000000000000000000000000111110110011000000000000000
0000000000000000000001000000000000000000000000000000000000000000000000000000000000000000000000000000000000000000000000000000000000000000000000000000000000000000000000000000
0000000000000000000001000000000000000000000000000000000000000000000000000000000000000000000000000000000000000000000000000000000000000000000000000000000000000000000000000000
0000000111110000000000000000000000000000000000000000000000000000000000000000000000000000000000000000000000000011010000001000110000111111100000110111010000000000000000000000
0000000000000000000000111010000000000000000000000000000000000000000000000000000000000000000000000000000000000000000000000000000000000000000000000000000000000000000000000000
0000000000000000000000000000000000000000000000000000000000000000000000000000000000001000000000000000000110111000000000000000000000000000000000000000000000011110100000000000
0000000000000000000000000000000000000000000000000000000000000001111011111000000000000000000000000000000111011000000000000000000000000000000000000111110110000000100100000000
0000000000000000000001000000000000000000000000000000000000000000000000000000000000000000000000000000000000000000000000000000000000000000000000000000000000000000000000000000
0000000000000000000000000000000000000000000000000000000000000000000000000000000000000000000000000000000000000000000000000000000000000000000000000000000000011110000000000000
0000000000000000000001111100000000000000000000000001000000000000000000000000000000000000000000000000000000000000000000000000000000000000000000000111111001100000000000000000
0000000000000100000001000000000000000000000000000000000000000000000000000000000000000000000000000000000000000000000000000000000000000000000000000000000000000000000000000000
0000000000000000000000101100000000000000000000000000000000000000000000000000000000000000000000000000000000000000000000000000000000000000000000000000000000000000000000000000
0000000000000000000001110000000000000000000000000001000000000000000000000000000000000000000000000000000000000000000000000000000000000000000000000111111001100000010000000000
1110111000000000000000000000000000000000000000000000000000000000000000001000000000000000000000000000000000000000000000000000000000000000000000000000000000011110100000000000
0000000000000000000001000000000000000000000000000000000000000000000000000000000000000000000000000000000000000000000000000000000000000000000000000000000000000000000000000000
1110111000000000000000000000000000000000000001000010000000000001110100001000000000000000000000000000000000000000000000000000000000000000000000000000000000000000000000000111
0000000000000000000000101010000000000000000000000000000000000000000000000000000000000000000000000000000000000000000000000000000000000000000000000000000000000000000000000000
0000000000000000000001000000000000000000000000000000000000000000000000000000000000000000000000000000000000000000000000000000000000000000000000000000000000000000000000000000
0000000000000000000000000000000000000000000000000000000000000000000000000000000000000000000000000000000000000000100000000000000000000000000000000111010000000000000000000000
0000000000000000000000000000000000000000000000000011000000000001111000001000000000000000000000000000000000000000000000000000000000000000000000000111110110000000000000000000
0000000000000000000000000000000000000000000000000000000000000000000000000000000000000000000000000000000000000000000000000000000000000000000000000000000000000000000000111000
