00000000000000000000010000100000001110000011100000010000000001000000000000000000000000000000000000000000000000000000000000000000000000000000000000000000000000000000000000000000000000000000000000000000000000000000000000000000000000000000000000000000000000000000000000
00000000000000000000010000100010001110000010100000010000000000100000000000000000000000000000000000000000000000100000000000000000000001100000000000000000000000000000000000000000000000000000000000000000000000000000000000000000000000000000000000000000000000000000000000
00000000000000000000010010100000100000000001100001010000000000000000000000000000000000000000000000000000000000000000000000000000000000000000000000000000000000000000000000000000000000000000000000000000000000000000000000000000000000000000000000000000000000000000000000
00000000000000000000010000100000000000000001100000010000000000000000001000000000000000000000000000000000000000000000000000000000000000000000000000000000000000000000000000000000000000000000000000000000000000000000000000000000000000000000000000000000000000000000000000
00000000000000000000010110100000000000000001100100010000000000000000000000000000000000000000000000000000000000000000000000000000000000000000000000000000000000000000000000000000000000000000000000000000000000000000000000000000000000000000000000000000000000000000000000
10000000000000000000011010110101010000011100100000000000000000001010010000000000000000000000000000000000000000000000000000000000000000000000000000000000000000000000000000000000000000000000000000000000000000000000000000000000000000000000000010000000000000000000000000
00000000000000000000011001100100000000000010100000011000000000000000000000000000000000000000000000000000000000000000000000000000000000000000000000000000000000000000000000000000000000000000000000000000000000000000000000000000000000000000000000000000000000000000000000
00000000000000000110000000000000000000000000000000000000000000000000000000000000000000000000000000000001000000000000000000000000000000000000000000000000000000000000000000001000010000000000000000000000000000010000100000000000001100001000000010000000000000000000000000
01000000001111111000000000000000000000000000000000000000000000000000000000001000000000000000000010011011100000000000000010000000000000000001110000000000001000110010000000111110100100000000000000000000000000000000010000000000000001000101011000000111111111111011011111
00000000000000000011000000000000000000000000000000000000000000000000000000000000000000000000000000000001000000000000000000000000000000000000000000000000000000101011000000111111010110000011101011111111111111111000000000000000000110001000000010000000000000000000000000
10000000000000000000011010110101010000011110100000000000000000001001010000000000000000000000000000000000000000000000000000000000000000000000000000000000000000000000000000000000000000000000000000000000000000000000000000000000000000000000000010000000000000000000000000
00000000000000000000000000000000000000000000000000000000000000000000000000000000000000000000000000000001100000000000000000000000001111011110000000000000000000110000000000001000100000000000000000000000000000000000000010100000000000000000000000000000000000000000000000
00000000000000000000010000100010001110000011110000010000000000000000000000000000000000000000000000000000000000000000000000000000000000000000000000000000000000000000000000000000000000000000000000000000000000000000000000000000000000000000000000000000000000000000000000
10101000000000000000010000000000000000000000000000000000000000000000000000000000000000000000000000000000000000000000000000000000000000000000000000000000000000000000000000000000000000000000000000000000000000000000000000000000000000000000000000000000000000000000000000
00000000000000000000000000000000000000000000000000000000000000000000000000000000000000000000000000000000000000000000000000000000000000000000001000000100001000000000000000000000000000000000000000000000000000000000000000000000000000000100011000000000000000000000000000
10000000000000000000011010110110010000011100100000000000000000000100010000000000000000000000000000000000000000000000000000000000000000000000000000000000000000000000000000000000000000000000000000000000000000000000000000000000000000000000000010000000000000000000000000
01000000001011111000000000000000000000000000000000000000000000000000000000001000000000000000000010011101100000000000000010000000000000000001110000000000001000110010000000000000000000000000000000000000000000000000010000000000000001000101011000000111111111111011011111
01000010111111011000000000000000000000000000000000000000000000000000000000011111111100011111101100000001000000000011110011110000000000000001000000000000000000101010000000111111010100000000000000000000000000000000011100000000000100001011000010000111111111111111111111
00000000000000000000011010110101010000000000101000000000000000000000000000000000000110101100000000000000000000000000000000000000000000000000000000000000000000000000000000000000000000000000000000000000000000000000000000000000000100101110000010000000000000000000000000
00000000000000000000000000100000000000000000000000000000000000000000000000000000000100000100000000000000000000000000000000000000000000000000000000000000000000000000000000000000000000000000000000000000000000000000000000001010000100001010000010000000000000000000000000
10000000000000000000011010110101010000000000100000000000010000001000010000000000000000000000000000000000000000000000000000000000000000000000000000000000000000000000000000000000000000000000000000000000000000000000000000000000000000000000000010000000000000000000000000
00000000000000000000010000100000100000000001100000110000000000000000000000000000000000000000000000000000000000000000000000000000000000000000000000000000000000000000000000000000000000000000000000000000000000000000000000000000000000000000000000000000000000000000000000
00000000000000000011000000000000000000000000000000000000000000000000000000000000000000000000000000000001010101011100000000000000000000000000000000000000000000101100110100000000000000000000000000000000000000000000000000000000000100001000000010000000000000000000000000
00000000000000000000010010100000000000000001100000010000000000000000000010000000000000000000000000000000000000000000000000000000000000000000000000000000000000000000000000000000000000000000000000000000000000000000000000000000000000000000000000000000000000000000000000
00000000000000000011000000000000000000000000000000000000000000000000000000000000000000000000000000000001001111011100000000000000000000000000000000000000000000101000111000000000000000000000000000000000000000000000000000000000000100001000000010000000000000000000000000
11100100001000000000010000000000000000000000000000000000000000000000000000001000000000000000000000000000000000000000000000000000000000000000000000000000000000000000000000000000000000000000000000000000000000000000010000000000000000000000000000000000000000000000000000
00000000000000000011000000000000000000000000000000000000000000000000000000000000000000000000000000000001000000000000000000000000000001100000000000000000000000101010000000111111010100000011111100101101111100110110000000000000000100001000000010000000000000000000000000
00000000000000000000010000100010000000000001100000010000001000000000000000000000000000000000000000000000000000000000000000000000000000000000000000000000000000000000000000000000000000000000000000000000000000000000000000000000000000000000000000000000000000000000000000
00000000000000000000010110100000000000000001100000010010000000000000000000000000000000000000000000000000000000000000000000000000000000000000000000000000000000000000000000000000000000000000000000000000000000000000000000000000000000000000000000000000000000000000000000
00000000000000000000000000100000000000000000000000000000000000000000000000000000000100001100000000000000000000000000000000000000000000000000000000000000000000000000000000000000000000000000000000000000000000000000000000001000100100001010000010000000000000000000000000
00000000000000000000000000000000000000000000000000000000000000000000000000000000000000000000000000000000000000000000000000000000000000000000001000000001000010000000000000000000000000000000000000000000000000000000000000000000000000000000001000000000000000000000000000
00000000000000000000000000000000000000000000000000000000000000000000000000000000000000000000000000000000000000000000000000000000000000000000001000000010100101000000000000000000000000000000000000000000000000000000000000000000000000000000001000000000000000000000000000
00000000000000000000000000000000000000000000000000000000000000000000000000000000000000000000000000000000000000000000000000000000000000000001111001000000010000000000000010000000000000000000000000000000000000000000000000000000000001000100011100000000000000000000000000
00000000000000000000000000000000000000000000000000000000000000000000000000000000000000000000000000000000000000000000000000000000000000000001111010000000001000000000000001000000000000000000000000000000000000000000000000000000000001000100011000000000000000000000000000
00000000000000000000000000000000000000000000000000000000000000000000000000000000000101000000000000000001000000000000000000000000000000000000000000000000000000101011000000111111010111100000101011111111100111100000000000000000000110001000000010000000000000000000000000
00000000100000000000000000000000000000000000000000000000000000000000000000000000000100010100000000000000000000000000001110111100100000000000000000000000000000000000000010000000000000000000000000000000000000000000011100000000000101001010000010000000000000000000000000
00000000000000000000000000100000000000000000000000000000000000000000000000000000000100000100000000000000000000000000000000000000000000000000000000000000000000000000000000000000000000000000000000000000000000000000000000001000010100011010000010000000000000000000000000
00000000100000000000000000000000000000000000000000000000000000000000000000000000000100010100000000000000000000000000001110111001100000000000000000000000000000000000000010000000000000000000000000000000000000000000011100000000000101001010000110000000000000000000000000
01110000001000000000000000000000000000000000000000000000000000000000000000001000000000000000000000000000000000000000000000000000000000000000000000000000000000000000000000000000000000000000000000000000000000000000010000000000000000000000000000000000000000000000000000
01000000001111111000000000000000000000000000000000000000000000000000000000001000000000000000000010111001100000000000000010000000000000000001110000000000010000110010000000111110100100000000000000000000000000000000010000000000000001000101011000000111111111111011011111
00000000000000000000010110100000000000000001100000010100000000000000000000000000000000000000000000000000000000000000000000000000000000000000000000000000000000000000000000000000000000000000000000000000000000000000000000000000000000000000000000000000000000000000000000
00000000000000000000110000100000001110000011100000010000000010000000000000000000000000000000000000000000000000000000000000000000000000000000000000000000000000000000000000000000000000000000000000000000000000000000000000000000000000000000000000000000000000000000000000
00000000000000000000000000000000000000000000000000000000000000000000000000000000000000000000000000000000000000000000000000000000000000000001111100000000010000000000000001000000000000000000000000000000000000000000000000000000000001000100011000000000000000000000000000
00000000000000000000000000000000000000000000000000000000000000000000000000000000000000000000000000000000000000000000000000000000000000000001111000010000000000000000000010000000000000000000000000000000000000000000000000000000000001000000011101000000000000000000000000
00000000000000000000000000000000000000000000000000000000000000000000000000000000000000000000000000000001100000000000000000000000000101011100000000000000000000110000000000000000000000000000000000000000000000000000000011000000000000000000000000000000000000000000000000
00000000000000000000000000000000000000000000000000000000000000000000000000000000000101000000000000000001000000000000000000000000000000000000000000000000000000101010000000111111010101011000101000101101100100100000000000000000000100001000000010000000000000000000000000
00000000000000000000000000000000000000000000000000000000000000000000000000000000000000000000000000000000000000000000000000000000000000000000000000000000000000000000000000000000000000000000000000000000000000000000000000000000000100001100000000110000000000000000000000
10000000000000000000010001101000000000000001100000010000000000000000000100000000000000000000000000000000000000000000000000000000000000000000000000000000000000000000000000000000000000000000000000000000000000000000000000000000000000000000000000000000000000000000000000
00000000000000000000010010100010000000000001100000010001000000000000000000000000000000000000000000000000000000000000000000000000000000000000000000000000000000000000000000000000000000000000000000000000000000000000000000000000000000000000000000000000000000000000000000
00000000000000000011000000000000000000000000000000000000000000000000000000000000000000000000000000000001010000000000000000000000000000000000000000000000000000101010000000111111011100000000101000101101100100110101000000000000000100001000000010000000000000000000000000
00000000000000000000010110100000000000000000100000010000000000010000000000000000000000000000000000000000000000000000000000000000000000000000000000000000000000000000000000000000000000000000000000000000000000000000000000000000000000000000000000000000000000000000000000
00000000000000000000000000000000000000000000000000000000000000000000000000000000000000000000000000000000000000000000000000000000000000000001111000100000010000000000000010000000000000000000000000000000000000000000000000000000000001000100011100000000000000000000000000
00000001000000000000000000000000000000000000000000000000000000000000000000000000000100010000000000000000000000000000001110111010100000000000000000000000000000000000000010000000000000000000000000000000000000000000011100000000000101001000000111000000000000000000000000
00000000000000000000010011100000000000000000100000010000000000000000000000100000000000000000000000000000000000000000000000000000000000000000000000000000000000000000000000000000000000000000000000000000000000000000000000000000000000000000000000000000000000000000000000
00000000000000000000000000000000000000000000000000000000000000000000000000000000000000000000000000000000000000000000000000000000000000000000001000001000010000000000000000000000000000000000000000000000000000000000000000000000000000000100011000000000000000000000000000
00000000000000000000010110100010000001000010000000000000000000000000000000000000000100000100000000000000000000000000000000000000000000000000000000000000000000000000000000000000000000000000000000000000000000000000000000011100000100001010000010000000000000000000000000
00000000000000000000011010110101010000000000100000010000000000000000100000000000000000000000000000000000000000000000000000000000000000000000000000000000000000000000000000000000000000000000000000000000000000000000000000000000000000000000000010000000000000000000000000
00000000000000000000010000100000001110000011100000010000000100000000000000000000000000000000000000000000000000000000000000000000000000000000000000000000000000000000000000000000000000000000000000000000000000000000000000000000000000000000000000000000000000000000000000
00000000000000000000000000100000000000000000000000000000000000000000000000000000000100000100000000000000000000000000000000000000000000000000000000000000000000000000000000000000000000000000000000000000000000000000000000001001000100011010000010000000000000000000000000
01000000001011111000000000000000000000000000000000000000000000000000000000001000000000000000000011011001100000000000000010000000000000000001110000000000010000110010000000000000000000000000000000000000000000000000010000000000000001000101011000000111111111111011011111
00000000000000000000010010100010000000000001100000010000100000000000000000000000000000000000000000000000000000000000000000000000000000000000000000000000000000000000000000000000000000000000000000000000000000000000000000000000000000000000000000000000000000000000000000
01000000101011011000000000000000000000000000000000000000000000000000000000001000000000011101011100000001000000000010100011110000000000000001000000000000000000101010000000000000000000000000000000000000000000000000011100000000000000000001000000000111111111111111111111
00000000000000000000010110100000000000100001100010010000000000000000000000000000000000000000000000000000000000000000000000000000000000000000000000000000000000000000000000000000000000000000000000000000000000000000000000000000000000000000000000000000000000000000000000
00000000000000000000010011100000000000000001100000010000000000000000000001000000000000000000000000000000000000000000000000000000000000000000000000000000000000000000000000000000000000000000000000000000000000000000000000000000000000000000000000000000000000000000000000
00000000000000000000000000000000000000000000000000000000000000000000000000000000000100000000000000000001000000000000000000000000000000000000000000000000000000000000000000001000010001000100000000000000000000000000000000000000000100001000000010000000000000000000000000
00000000100000000000000000000000000000000000000000000000000000000000000000000000000100010100000000000000000000000000001110111000110000000000000000000000000000000000000001000000000000000000000000000000000000000000011100000000000100001010000010000000000000000000000000
00000000000000000000000000000000000000000000000000000000000000000000000000000000000000000000000000000000000000000000000000000000000000000000000000000000000000000000000000000000000000000000000000000000000000000000000000000000000000000000100000101000000000000000000000
