110000000000000010000000000111000010111000000000000000000000000000000000001100010000110100000
000000000000000000000000000000010001000000001101100110011110110101000000000000010000110100000
000000000000000000000000000000000000000000000000000000000000000000000000000000100000110010000
000000000000000000000000000000000000000000000000000000000000111101110000000000010000110101111
000000000000000000000000000000000000000000000000000000000000000000000000001100010000110100000
000000000000000000000000000000000000000000000000000000000000000000000000000000001000101010000
101000000000000010000000000000000000000000000000000000000000000000000000000000010000110100000
000000000000000000000000000000101010110000000000000000000000000000000000001100010000110100000
000000000000000000001111110000000000000111110000000000000000000000000000000000010000110100000
000000000000000000000000000000000000000000000000000000000000000000000000000000000110101010000
000000000000000000000000000000100110110000000000000000000000000000000000001100010000110100000
000000000000000000000000000000000000000000000000000000000000000000000000001100010101110100000
000000010100000010000000000000000000000000000000000000000000000000000000000000010000110100000
000000000000000000000000000000000000000000000000000000000000000000000000000000001000110010000
000000000000100000000000000000000000000000000000000000000000000000000000000000010101110100000
000000000000000010000000000000000000000000000000000000000000000000000000000000100000110010000
000000000000000000000000000000000000000000000000000000000000000000000000000000000110110010000
000000000000000000000000000000100110110000000000000000000000000000000000001100010000110100000
000000000000000000000000000000000000000000000000000000000000000000000000000000010101110100000
000000000000000000000000000000000000000000000000000000000000000000000000001100010000110100000
000000000000000000000000000000000000000000000000000000000000000000000000000000001101110110000
000000000000000000000000000000000000000000000000000000000000000000000000000000100000101010000
000111111000000010000000000000000000000000000000000000000000000000000000001100010000110100000
000000000000001100000000000000000000000000000000000000000000000000000000000000010101110100000
000000000000000000000000000000000000000000000000000000000000000000000000000000010101110100000
000000000000000000000000000000000000000000000000000000000000000000000000000000000110110010000
000000000000001100000000000000000000000000000000000000000000000000000000000000010101110100000
000000000000000000000000000000000000000000000000000000000000000000000000000000000000000000000
000000000000000000000000000000000000000000000000000000000000000000000000000000010101110100000
000000000000000000000000000000000000000000000000000000000000000000000000000000000111110110000
000000000000000001100000000000000000000000000000000000000000000000000000000000000000000000000
000000000000000000000000000000000000000000000000000000000000000000000000000000000101101110000
000000000000000000000000000100000010110000000000000000000000000000000000001100010000110100000
000000000001000000000000000000000000000000000000000000000000000000000000000000000101110100000
000000000000000000000000000000000000000000000000000000000000000000000000000000100000110010000
000000000000000000000000000000000000000000000000000000000000000000000000000000001000110010000
000000000000000000000000000000010011110000001101100110101110110101000000001100010000110100000
000000000000000010000000000000000000000000000000000000000000000000000000000000100000110010000
000000000000000000000000000000000000000000000000000000000000000000000000000000000110110010000
000000000000000000000000000000010001000000001110100000000110110101000000000000010000110100000
000000000000000000000000000000000000000000000000000000000000000000000000000000000110110010000
000000000000000000000000000000000000000000000000000000000001111111100000000000010000110101111
000000000000000000000000000000000000000000000000000000000000111101000000000000000000000000000
000000000000100000000000000000000000000000000000000000000000000000000000000000010101110100000
000000000000000000000000000000010001000000000000000000000000000000000000000000010000110100000
000000000000000000000000000000000000000000000000000000000000000000000000000000001000110010000
000000000000000000000000000000000000000000000000000000000000000000000000001111010000110100000
000000000000000000000000000000000000000000000000000000000000000000000000000000001000101010000
000000000000000000000000000000010011110000001101111010101110110101000000001100010000110100000
000000000000010000000000000000000000000000000000000000000000000000000000000000000101110100000
000000000000000000000000000000000000000000000000000000000000000000000000001100010000110100000
000000000000000000001110110000000000001111110000000000000000000000000000000000010000110100000
000000000000000000000000000000000000000000000000000000000000000000000000000000010101110100000
000000000000000000000000000000000000000000000000000000000000000000000000000000110101110110000
000000000000000000000000000000000000000000000000000000000000000000000000000000000110101010000
000000000000000000000000000000000000000000000000000000000000000000000000000000010000110101111
000000000000000000000000000000000000000000000000000000000000000000000000000000001000110010000
000000000000000000000000000000000000000000000000000000000000000000000000000000000000000000000
000000000000000000000000000000010001000000001110110000000110110101000000000000010000110100000
110000000000000010000000000111000010111000000000000000000000000000000000001100010000110100000
000000000000000000000000000000000000000000000000000000000000111101100000000000010000110101111
000000000000001100000000000000000000000000000000000000000000000000000000000000010101110100000
000000000000000000000000000000000000000000000000000000000000000000001001000000000000000000000
000000000000000000000000000000000000000000000000000000000000000000001010110000000000000000000
000000000000000000000000001100000010110000000000000000000000000000000000001100010000110100000
000000000000000000000000000000000000000000000000000000000000000000000000000000100000110010000
000000000000000000000000000000000000000111110000000000000000000000000000000000010000110100000
000000000010000000000000000000000000000000000000000000000000000000000000000000000101110100000
000000000000000000000000000000000000000000000000000000000000000000000000000000000101101110000
000000000000000000000000000000000000000000000000000000000000000000000100000000000000000000000
000000000000000000000000000000000000000000000000000000000000000000000000000000100000110010000
000000000000000000000000000000010001000000001101100110011110110101000000000000010000110100000
000000000000000000000000000000000000000000000000000000000000000000000000000000010000110100000
000000000000000000000000000000010001000000001110100000000110110101000000000000010000110100000
000000000000000000000000000000000000000000000000000000000000000000000000000000000000000000000
000000000000100000000000000000000000000000000000000000000000000000000000000000010101110100000
000000000000000011010000000000000000000000000000000000000000000000000000000000000000000000000
000000000000000000000000000000010011110000001101100110101110110101000000001100010000110100000
000000000000011100000000000000000000000000000000000000000000000000000000000000010101110100000
000000000000000000000000000000010001000000001101100101000110110101000000000000010000110100000
000000000000000000000000000100000000000000000000000000000000000000000000000000000000000000000
