00000000000000000000001111111000000000000000000000000000000000000000000000000000000000101111110100000111101110110110010000000001000000000010000110100000000000000000000000000000000000000001100000000000000000000000000100000110100000000110100000000000000
00000000000000000000000000000000000000000000000000000000000000000000010111111101000000000000000000000100001001001100000000000001110110011101110000011110000000000010101000101000000000000000000000000000000000000000000000000000000000000010100000000000000
00000000000000000000000000000000000000000000000000000000000000000000000000000000000000000000000000000000001000001000001100000010000000000000000000000000000000000000000000000000000000000000000000000000000000000000000000000000000000000010100000000000000
00000000000000000000000000000000000000000000000000000000000000000000011110100110000000000000000000000000000000000000000000000000000000000000000000000000000000000000111001111000110010000000000000000000000000000000000000000000000000000010100000000001000
00000000000000000000000000000000000000000000000000000000000000000000000000000000000000000000000000000000000000000000000000000000000000000000000000000000000000000000000000000000000000000000000000000000000000000000000000000010110100000010100000000000000
00000000000000000000000000000000000000000000000000000000000000000000000000000000000000000000000000000000000000000000000000000000000000000000000000000000000000000000000000000000000000000000000000000000000000000000000000000000000000000011000100001000000
00000000000000000010101110110010000000000000000000000000000000000000000000000000000000101101001110000000001000000000000000000001000000000000000001100000000000000000000000000000000000000000000000000000000000000000000100000000000000000010100000000000000
00000000000000000000000000000000000000000000000000000000000000000000000000000000000000000000000000000110001001001100001101000000000000000000000000000000000000000000000000000000000000000000000000000000000000000000000000000010100000000010100000000000000
00000000000000000000000000000000000000000000000000000000000000000000010000000000000000000000000000000100011001110001000000000001010000000000000100001110000000100000000000000000000000000000000000000000000000000000000000000001000000000010100000000000000
00000000000000000000000000000000000000000000000000000000000000000000000000000000000000000000000000000000000000000000000000000000000000000000000000000000000000000000000000000000000000000000000000000000000000000000000000000000000000000011000100000010000
00000000000000000000000000000000000000000000000000000000000000000000010000000000000000000000000000000110001001001100000000000001010000100000010000001110000000001000000000000000000000000000000000000000000000000000000000000010100000000010100000000000000
00000000000000000000000000000000000000000000000000000000000000000000000000000000000000000000000000000000000000000000000000000000000000000000000000000000000000000000000000000000000000000000011101110000000000000000000000000010100000000011100000000000000
00000000000000000010100000000000111111000000000000000000000000000000000000000000000000101101001110000000001000000000000000000001000000000000000001100000000000000000000000000000000000000000000000000000000000000000000100000000000000000010100000000000000
00000000000000000001010000000000000000000000000000000000000000000000000000000000000000000000000000000000000000000000000000000000000000000000000000000000000000000000000000000000000000000000010101100000100000000000000000000000000000000011000000000000000
00000000000000000000000000000000000000000000001111100000000000000000000000000000000000000000000000000000000000000000000000000000000000000000000000000000000000000000000000000000000000001110000000000000000000000000000000000001000000000011100000000000000
00000000000000000000000000000000111110100000000000000000000000000000000000000000000000101100000000000000001000000000000000000001000000000000000000000000000000000000000000000000000000000000000000000000000000000000000100000000000000000010100000000000000
00000000000000000000000000000000000000001110100000000000000000000000000000000000000000000000000000000000000000000000000000000000000000000000000000000000000000000000000000000000000000000000000000000000000000000000000000000000000000000011000000000000000
00000000000000000000000000000000000000000000000000000000000000000000000000000000000000000000000000000110001001001100001100100000000000000000000000000000000000000000000000000000000000000000000000000000000000000000000000000010100000000010100000000000000
11111110011110010000000000000000000000000000000000000000000000000000000000000000111100000000000000000000000000000000000000000000000000000000000000000000000000000000000000000000000000110000000000000000000000000000000000000000000000000011100000000000000
00000000000000000000000000000000000000000000000000000000000000000000000000000000000000000000000000000000000000000000000000000000000000000000000000000000000000000000000000000000000000000000000000000000000000000000000000000011110010000010100000000000000
00000000000000000001010000000000000000000000000000000000000000000000000000000000000000000000000000000000000000000000000000000000000000000000000000000000000000000000000000000000000000000000010101100010000000000000000000000000000000000011000000000000000
00000000000000000000000000000000000000000000000000000000000000000000000000000000000000000000000000000000000000000000000000000000000000000000000000000000000000000000000000000000000000000000000000000000000000000000000000000000000000000010100100010000000
00000000000000000000000000000000111110010000000000000000000000000000000000000000000000101101000000000000001000000000000000000001000000000000000000000000000000000000000000000000000000000000000000000000000000000000000100000010100000000010100000000000000
00000000000000000000000000000000000000000000000000000000111111001000000000000000000000000000000000000000000000000000000000000000000000000000000000000000000000000000000000000000000000001110000000000000000000000000000000000001000000000011100000000000000
11110111011110100000000000000000000000000000000000000000000000000000000000000000111010000000000000000000000000000000000000000000000000000000000000000000000000000000000000000000000000000000000000000000000000000000000000000000000000000011100000000000000
00000000000000000000000000000000000000000000001111000100000000000000000000000000000000000000000000000000000000000000000000000000000000000000000000000000000000000000000000000000000000000000000000000000000000000000000000000000000000000011000000000000000
00000000000000000000000000000000000000000000000000000000011111100000000000000000000000000000000000000000000000000000000000000000000000000000000000000000000000000000000000000000000000001110000000000000000000000000000000000001000000000011100000000000000
00000000000000000000000000000000000000000000000000000000000000000000000000000000000000000000000000000000000000000000000000000000000000000000000000000000000000000000000000000000000000000000000000000000011011111101101000000000000000000000000000000000000
11110110111111000000000000000000000000000000000000000000000000000000000000000000111001000000000000000000000000000000000000000000000000000000000000000000000000000000000000000000000000000000000000000000000000000000000000000000000000000011100000000000000
00000000000000000001010000000000000000000000000000000000000000000000000000000000000000000000000000000000000000000000000000000000000000000000000000000000000000000000000000000000000000000000010101100100000000000000000000000000000000000011000000000000000
00000000000000000000000000000000000000000000000000000000000000000000000000000000000000101100000001101000001000000000000000000001000000000000000000000000000000000000000000000000000000000000000000000000000000000000000000000000000000000000000000000000000
00000000000000000000000000000000000000000000000000000000000000000000000000000000000000000000000000000000000000000000000000000000000000000000000000000000000000000000000000000000000000000000000000000000000000000000000000000000000000000011011100100000000
00000000000000000000000000000000000000000000000000000000000000000000000000000000000000000000000000000111101101000100011100001000000000000000000000000000000000000000000000000000000000000000000000000000000000000000000000000010100000000010100000000000000
00000000000000000001000000000000000000000000001111000001000000000000000000000000000000000000000000000000000000000000000000000000000000000000000000000000000000000000000000000000000000000000000000000000000000000000000000000000000000000011000000000000000
00000000000000000000000000000000000000000000000000000000000000000000000000000000000000000000000000000000000000000000000000000000000000000000000000000000000000000000000000000000000000000000000000000000000000000000000000000000110000001010100000000000000
00000000000000000000000000000000000000000000001111000010000000000000000000000000000000000000000000000000000000000000000000000000000000000000000000000000000000000000000000000000000000000000000000000000000000000000000000000000000000000011000000000000000
00000000000000000000000000000000000000000000000000000000000000000000010111111101000000000000000000000110001001001100000000000001110100011001110000011110010000000000101000101000000000000000000000000000000000000000000000000010100000000010100000000000000
00000000000000000000001110110001000000000000000000000000000000000000000000000000000000101100000000000000001000000000000000000001000000000000000000000000000000000000000000000000000000000000000000000000000000000000000100000000000000000010100000000000000
00000000000000000000000000000000000000000000000000000000011011000100000000000000000000000000000000000000000000000000000000000000000000000000000000000000000000000000000000000000000000000000000000000000000000000000000000000000000000000011000000000000000
00000000000000000000000000000000000000000000000000000000000000000000010110100100000000000000000000000100001001001100000000000001010100011000010000011110000000000001101000101000000000000000000000000000000000000000000000000000000000000010100000000000000
00000000000000000001010000000000000000000000000000000000000000000000000000000000000000000000000000000000000000000000000000000000000000000000000000000000000000000000000000000000000000000000010101100001000000000000000000000000000000000011000000000000000
00000000000000000000000000000000000000000000000000000000000000000000011110100100000000000000000000000000000000000000000000000000000000000000000000000000000000000000111001111111111000000000000000000000000000000000000000000000000000000010100000000001000
00000000000000000000000000000000000000000000000000000000000000000000011110100100000000000000000000000000000000000000000000000000000000000000000000000000000000000000101110101000110001000000000000000000000000000000000000000000000000000000000000000000000
00000000000000000000000000000000000000000000001111001000000000000000000000000000000000000000000000000000000000000000000000000000000000000000000000000000000000000000000000000000000000001110000000000000000000000000000000000001000000000011100000000000000
00000000000000000000000000000000000000000000000000000000000000000000000000000000000000000000000000000000001000001100001110000000000000000000000000000000000000000000000000000000000000000000000000000000000000000000000000000000000000000010100000000000000
00000000000000000000000000000000000000000000000000000000011011000010000000000000000000000000000000000000000000000000000000000000000000000000000000000000000000000000000000000000000000000000000000000000000000000000000000000000000000000011000000000000000
00000000000000000000000000000000000000000000000000000000000000000000000000000000000000000000000000000000000000000000000000000000000000000000000000000000000000000000000000000000000000000000000000000000000000000000000000000010110001000010100000000000000
00000000000000000000000000000000000000000000000000000000000000000000000000000000000000000000000000000000000000000000000000000000000000000000000000000000000000000000000000000000000000000000000000000000000000000000000000000000000000000011010100000100000
00000000000000000000000000000000000000000000000000000000000000000000010111111101000000000000000000000110001001001100000000000001111100011001110000011110000010000000101000101000000000000000000000000000000000000000000000000010100000000010100000000000000
00000000000000000001000000000000000000000000000000000000011111000000100000000000000000000000000000000000000000000000000000000000000000000000000000000000000000000000000000000000000000000000000000000000000000000000000000000000000000000011000000000000000
00000000000000000000000000000000000000000000000000000000000000000000000000000000000000000000000000000000000000000000000000000000000000000000000000000000000000000000000000000000000000000000000000000000000000000000000000000010110000100010100000000000000
00000000000000000000000000000000000000000000000000000000000000000000010000000000000000000000000000000100011001110001100000000001010000000000000100001110000001000000000000000000000000000000000000000000000000000000000000000001000000000010100000000000000
11110110011110000100000000000000000000000000000000000000000000000000000000000000111101000000000000000000000000000000000000000000000000000000000000000000000000000000000000000000000000000000000000000000000000000000000000000000000000000011100000000000000
11101110010110001000000000000000000000000000000000000000000000000000000000000000000000000000000000000000000000000000000000000000000000000000000000000000000000000000000000000000000000000000000000000000000000000000000000000000000000000011100000000000000
00000000000000000000000000000000000000000000000000000000000000000000000000000000000000000000000000000000000000000000000000000000000000000000000000000000000000000000000000000000000000000000000000000000000000000000000000000000000000000011000101000000000
00000000000000000000000000000000000000000000000000000000000000000000000000000000000000000000000000000000000000000000000000000000000000000000000000000000000000000000000000000000000000000000000000000000000000000000000000000000000000000010100000000001110
00000000000000000000000000000000000000001110010000000000000000000000000000000000000000000000000000000000000000000000000000000000000000000000000000000000000000000000000000000000000000000000000000000000000000000000000000000000000000000011000000000000000
00000000000000000000000000000000000000000000000000000000000000000000000000000000000000000000000000000000000000000000000000000000000000000000000000000000000000000000000000000000000000000000010011101000000000000000000000000000000000000000000000000000000
00000000000000000000000000000000000000000000000000000000000000000000010111100101000000000000000000000100001001001100000000000001011100011000011000011111000000000000101000101000000000000000000000000000000000000000000000000000000000000010100000000000000
00000000000000000000001111110100000000000000000000000000000000000000000000000000000000111111110100000111101111110110010000000001010000000010000110100000000000000000000000000000000000000000000000000000000000000000000100000010100000000010100000000000000
00000000000000000000000000000000000000000000000000000000000000000000011110100110000000000000000000000000000000000000000000000000000000000000000000000000000000000000111001111000110100000000000000000000000000000000000000000000000000000010100000000001000
00000000000000000000000000000000000000000000000000000000011111010000000000000000000000000000000000000000000000000000000000000000000000000000000000000000000000000000000000000000000000001110000000000000000000000000000000000001000000000011100000000000000
00000000000000000000000000000000000000000000000000000000000000000000000000000000000000000000000000000000000000000000000000000000000000000000000000000000000000000000000000000000000000000000000000000000000000000000000011100000000000000000000000000000000
00000000000000000000000000000000000000000000000000000000000000000000000000000000000000000000000000000000000000000000000000000000000000000000000000000000000000000000000000000000000000000000000000000000000000000000000011001000000000000000000000000000000
00000000000000000000000000000000000000000000000000000000000000000000000000000000000000000000000000000111101101000100011100000100000000000000000000000000000000000000000000000000000000000000000000000000000000000000000000000010100000000010100000000000000
00000000000000000000000000000000000000000000000000000000000000000000000000000000000000000000000000000000000000000000000000000000000000000000000000000000000000000000000000000000000000000000000000000000000000000000000000000000000000000010100000000001101
00000000000000000000000000000000000000000000000000000000000000000000010000000000000000000000000000000100001001110000100000000001010000100000000100001110100000000000000000000000000000000000000000000000000000000000000000000001000000000010100000000000000
00000000000000000000000000000000000000001111000000000000000000000000000000000000000000000000000000000000000000000000000000000000000000000000000000000000000000000000000000000000000000001010000000000000000000000000000000000000000000000011000000000000000
00000000000000000000000000000000000000000000000000000000000000000000000000000000000000000000000000000000000000000000000000000000000000000000000000000000000000000000000000000000000000000000000000000000000000000000000000000000000000000011011110000000000
00000000000000000000000000000000000000000000000000000000000000000000000000000000000000000000000000000000000000000000000000000000000000000000000000000000000000000000000000000000000000000000000000000000000000000000000011010000000000000000000000000000000
00000000000000000000000000000000000000000000000000000000000000000000000000000000000000000000000000000000000000000000000000000000000000000000000000000000000000000000000000000000000000000000000000000000000000000000000000000001010000010010100000000000000
00000000000000000000000000000000000000000000000000000000000000000000010111111101000000000000000000000100001001001100000000000001110110011001110000011110000100000000101000101000000000000000000000000000000000000000000000000000000000000010100000000000000
00000000000000000000000000000000000000000000000000000000000000000000000000000000000000000000000000000000000000000000000000000000000000000000000000000000000000000000000000000000000000000000000000000000000000000000000000000001011000000010100000000000000
00000000000000000000000000000000000000000000000000000000000000000000010111100100000000000000000000000100001001001100000000000001010100011000010000011110000000010000101000101000000000000000000000000000000000000000000000000000000000000010100000000000000
00000000000000000000000000000000000000000000000000000000000000000000000000000000000000000000000000000000000000000000000000000000000000000000000000000000000000000000000000000000000000000000000000000000011101111111110000000000000000000000000000000000000
00000000000000000000000000000000000000000000001111010000000000000000000000000000000000000000000000000000000000000000000000000000000000000000000000000000000000000000000000000000000000001110000000000000000000000000000000000001000000000011100000000000000
00000000000000000000000000000000000000000000000000000000000000000000000000000000000000101101000001110000001000000000000000000001000000000000000000000000000000000000000000000000000000000000000000000000000000000000000000000000000000000000000000000000000
00000000000000000000000000000000000000000000000000000000000000000000010111111101000000000000000000000110001001001100000000000001110100011101110000011110000000000100101000101000000000000000000000000000000000000000000000000010100000000010100000000000000
00000000000000000001000000000000000000000000000000000000011111000001000000000000000000000000000000000000000000000000000000000000000000000000000000000000000000000000000000000000000000000000000000000000000000000000000000000001000000000011100000000000000
00000000000000000000000000000000000000000000000000000000000000000000010111111101000000000000000000000100001001001100000000000001110101011001010000011110001000000000101000101000000000000000000000000000000000000000000000000000000000000010100000000000000
00000000000000000000000000000000000000000000000000000000000000000000000000000000000000000000000000000101101101000000011100010000000000000000000000000000000000000000000000000000000000000000000000000000000000000000000000000000000000000000000000000000000
