00000000000000000001000010000000000000000000000000000000000000000000000000000000000000000000000000000000000000000000000000000000000000000000000000000000000000000000000000000000000000000000
00000000000000000001000010000000000000000000000000000000000000000000000000000000000000000000000000000000000000000000000000000000000000000000000000000000000000000000000000000000000000000000
00000000000000000001000000000000000000000000000000000000000000000000000000000000000000000000000000000000000000000000000000000000000000000000000000000000000000000000000000000000000000000000
00000000000000000001000000000000000000000000000000000000000000000000000000000000000000000000000000000000000000000000000000000000000000000000000000000000000000000000000000000000000000000000
00000000000000000001100000000000000000000000000000000000000000000000000000000000000000000000000000000000000000000000000000000000000000000000000000000000000000000000000000000000000000000000
00000000000010111001010101100000011111000000000000000000000000000000000000000000000000000000000000000000000000000000000000000000000000000000000000000000000000000000000000001010000011000000
00000000000000000001100010000000000000000000000000000000000000000000000000000000000000000000000000000000000000000000000000000000000000000000000000000000000000000000000000000000000000000000
00000000000100000000000000000000000000000000000000000000000000000000000000000000000000000000000000000000000000000100000000000000000000000000000000000111010000000000000000000000000000000000
00000000000000000001010100000000000000000000000000000000000000000000000000000000000000000000000000000000000000000000000000000000000000000000000000000000000000000000000000000000000000000000
10111100000000000000000000000000000000000000000000000000000000000000000010000000000000100000000000000000000000010010000000000000000000000000000000000000000000011110110000000000000000000000
00000000000000000001010100000000000000000000000000000000000000000000000000000000000000000000000000000000000000000000000000000000000000000000000000000000000000000000000000000000000000000000
00000011111000000000000000000000000000000000000000000000000000000000000000000000000000000000000000000000000000111010001101101110111111111111101011001111010000000001000000000000000000000000
00000000000010101001010111100000000000111110000000000000000000000000000000000000000000000000000000000000000000000000000000000000000000000000000000000000000000000000000000001010000011000000
00000000000000000000000000000000000000000000000000000000000000000000000001100111111100000000000000000000000000000000000000000000000000000000000000000000000000000000000000000000000000000000
00000000000000000001000010000000000000000000000000000000000000000000000000000000000000000000000000000000000000000000000000000000000000000000000000000000000000000000000000000000000000000000
00000000000000000000000000000000000000000000000000000000000000000000000000000000000000000000000000000000000000000000000000000000000000000000000000000000000000000000000000011111111111000000
00000000000000000000000000000000000000000000000000000000000000000000000000000000000000000000000000000000000000000000000000000000000000000000000000000000000000000000000000000000000000000000
00000000000000000000000000000000000000000000000000000000000000000000000000000000000000000000000000000000000000000000000000000000000000000000000000000000000000011110000000000000000000000000
00000000000000100101110101100000000000000000000000000000000000000000000000000000000000000000000000000000000000000000000000000000000000000000000000000000000000000000000000001010000001000000
00000000000000000000000000000000000000000000000000000000000000000000000000000000000000000000000000000000000000000000000000000000000000000000000000000000000000000000000000000000000000000000
11011100000000000000000000000000000000000000000000000000000000000000000010000000000000100000000000000000000000000000000000000000000000000000000000000000000000011110110000000000000000000000
10111100000000000000000000000000000000000001000111000000000001111101000010000000000000000000000000000000000000011010000000000000000000000000000000000111110110000000000000000000000000000111
00000000000010000001010100000000000000000001000001000000000000000000000000000000000000000000000000000000000000000000000000000000000000000000000000000111111001111000000000000000000000000000
00000000000000000001111100000000000000000000000001000000000000000000000000000000000000000000000000000000000000000000000000000000000000000000000000000111111001100000000000000000000000000000
00000000000011000001010101111111100000000000000000000000000000000000000000000000000000000000000000000000000000000000000000000000000000000000000000000000000000000000000000000000000000000000
00000000000000000001011000000000000000000000000000000000000000000000000000000000000000000000000000000000000000000000000000000000000000000000000000000000000000000000000000000000000000000000
00000011111000000000000000000000000000000000000000111111111110000000000000000000000000000000000000000000000000000000010010010000000000000000000000000111010000000000000000000000000000000000
00000000000000000001010100000000000000000000000000000000000000000000000000000000000000000000000000000000000000000000000000000000000000000000000000000000000000000000000000000000000000000000
00000011111000000000000000000000000000000000000000001111111110000000000000000000000000000000000000000000000000000000000000000000000000000000000000000111010000000000000000000000000000000000
00000000000000000000000000000000000000000000000000000000000000000000000000000000000000000000000000000000000000000000000000000000000000000000000000000000000000000000000000000000000000000000
00000011111000000000000000000000000000000000000000000000000000000000000000011111000000000000000000000000000000011010100000001001110000111111110100110111010000000000000000000000000000000000
00000000000000000001100000000000000000000000000000000000000000000000000000011111000000000000000000000000000000000000000000000000000000000000000000000000000000000000000000000000000000000000
00000000000000000001000000000000000000000000000000000000000000000000000000000000000000000000000000000000000000000000000000000000000000000000000000000000000000000000000000000000000000000000
00000000000000000001111100000000000000000001000001000000000000000000000000000000000000000000000000000000000000000000000000000000000000000000000000000111111001100000000000000000000000000000
00000000000000000000000000000000000000000000000000000000000000000000000000000000000000000000000001111111000000000000000000000000000000000000000000000000000000000000000000000000000000000000
00000000000000000000000000000000000000000000000000000000000000000000000000000000000000011111111110000000000000000000000000000000000000000000000000000000000000000000000000000000000000000000
00000000000000000000000000000000000000000000000000000000000000000000000000000000000010100000000000000000110111000000000000000000000000000000000000000000000000011110110000000000000000000000
00000000000000000000000000000000000000000000000000000000000000000000000000000000000000100000000000000000000000000000000000000000000000000000000000000000000000011110110000000000000000000000
00000000000000000000000000000000000000000000111000000000000000000000000000000000000000000000000000000000000000111011000000001110111111111111100001000111010000000001000000000000000000000000
00000000000000000000000000000000000000000000000011000000000000011110101010000000000000000000000000000000111011000000000000000000000000000000000000000111110110000000010000000000000000000000
00000000000000000001111100000000000000000000000001000000000000000000000000000000000000000000000000000000000000000000000000000000000000000000000000000111111001100000001000000000000000000000
00000000000000000010000000000000000000000000000000000000000000000000000000000000000000000000000000000000000000000000000000000000000000000000000000000000000000000000000000000000000000000000
00000000000000000000000000000000000000000000000011000000000000011110101110000000000000000000000000000000111011000000000000000000000000000000000000000111110110000000010000000000000000000000
00000000000000000000000000000000000000000000000000000000000000000000000000000000000000000000000000000000000000000000000000000000000000000000000000000000000000000000000000000000000000000000
10111100000000000000000000000000000000000000000000000000000000000000000010000000000000100000000000000000000000010010000000000000000000000000000000000000000000011110110000000000000000000000
00000000000000000001000000000000000000000000000000000000000000000000000000000000000000000000000000000000000000000000000000000000000000000000000000000000000000000000000000000000000000000000
00000000000000000001000010000000000000000000000000000000000000000000000000000000000000000000000000000000000000000000000000000000000000000000000000000000000000000000000000000000000000000000
00000000000000000000000000000000000000000000000000000000000000000000000000000000000000100000000000000000000000000000000000000000000000000000000000000000000000011110110000000000000000000000
00000000000000000000000000000000000000000000000000000000000000000000000000000000000011100000000000000000110111000000000000000000000000000000000000000000000000000000110101100000000000000000
00000000000000000000000000000000000000000000000000000000000000000000000001100111111100000000000000000000000000000000000000000000000000000000000000000000000000000000000000000000000000000000
00000000000000000001100000000000000000000000000000000000000000000000000000000000000000000000000000000000000000000000000000000000000000000000000000000000000000000000000000000000000000000000
00000000000000000000000000000000000000000000000000000000000000000000000000000000000000000000000000000000000000000000000000000000000000000000000000000111110110011000000000000000000000000000
00000000000000000000000000000000000000000000111000000000000000000000000000000000000000000000000000000000000000011010000000001000110000111111100000110111010000000000000000000000000000000000
00000000000000000001100000000000000000000000000000000000000000000000000000000000000000000000000000000000000000000000000000000000000000000000000000000000000000000000000000000000000000000000
00000000000000000001010100000000000000000000000000000000000000000000000000000000000000000000000000000000000000000000000000000000000000000000000000000000000000000000000000000000000000000000
00000011111000000000000000000000000000000000000000000000000000000000000000000000000000000000000000000000000000011010000000001000110000111111100000110111010000000000000000000000000000000000
00000000000000000001000000000000000000000000000000000000000000000000000000000000000000000000000000000000000000000000000000000000000000000000000000000000000000000000000000000000000000000000
00000000000000101001000000000000000000000000000000000000000000000000000000000000000000000000000000000000000000000000000000000000000000000000000000000000000000000000000000001010000011000000
00000000000000000000000000000000000000000000000000000000000000000000000000000000000010100000000000000000110111000000000000000000000000000000000000000000000000011110110000000000000000000000
00000000000000000000000000000000000000000000000000000000000000011110111110000000000000000000000000000000111011000000000000000000000000000000000000000111110110000000010010000000000000000000
00000000000000000001010100000000000000000000000000000000000000000000000000000000000000000000000000000000000000000000000000000000000000000000000000000000000000000000000000000000000000000000
00000000000000000001010100000000000000000000000000000000000000000000000000000000000000000000000000000000000000000000000000000000000000000000000000000000000000000000000000000000000000000000
00000000000000000000000000000000000000000000000000000000000000000000000000000000000000000000000000000000000000000000000000000000000000000000000000000000000000011110000000000000000000000000
00000000000000000001111110000000000000000000000001000000000000000000000000000000000000000000000000000000000000000000000000000000000000000000000000000111111001100000000000000000000000000000
00000000000010000001010100000000000000000000000000000000000000000000000000000000000000000000000000000000000000000000000000000000000000000000000000000000000000000000000000000000000000000000
00000000000000000001000010000000000000000000000000000000000000000000000000000000000000000000000000000000000000000000000000000000000000000000000000000000000000000000000000000000000000000000
00000000000000000001111100000000000000000000000001000000000000000000000000000000000000000000000000000000000000000000000000000000000000000000000000000111111001100000001000000000000000000000
11011100000000000000000000000000000000000000000000000000000000000000000010000000000000100000000000000000000000000000000000000000000000000000000000000000000000011110110000000000000000000000
00000000000000000001010100000000000000000000000000000000000000000000000000000000000000000000000000000000000000000000000000000000000000000000000000000000000000000000000000000000000000000000
11011100000000000000000000000000000000000001000010000000000000011101000010000000000000000000000000000000000000000000000000000000000000000000000000000000000000000000000000000000000000000111
00000000000000000001000000000000000000000000000000000000000000000000000000000000000000000000000000000000000000000000000000000000000000000000000000000000000000000000000000000000000000000000
00000000000000000001010100000000000000000000000000000000000000000000000000000000000000000000000000000000000000000000000000000000000000000000000000000000000000000000000000000000000000000000
00000000000000000000000000000000000000000000000000000000000000000000000000000000000000000000000000000000000000000100000000000000000000000000000000000111010000000000000000000000000000000000
00000000000000000000000000000000000000000000000011000000000000011110000010000000000000000000000000000000000000000000000000000000000000000000000000000111110110000000000000000000000000000000
00000000000000000000000000000000000000000000000000000000000000000000000000000000000000000000000000000000000000000000000000000000000000000000000000000000000000000000000000000000000000111000
