000000000000000000000100001000001000111000000111000000100000000010000000000000000000000000000000000000000000000000000000000000000000000000000000000000000000000000000000000000000000000000000000000000000000000000000000000000000000000000000000000000000000000000000000000000000000000000
000000000000000000000100001000101000111000000101000000100000000001000000000000000000000000000000000000000000000000000000000000000000000000000000000000000000000000000000000000000000000000000000000000000000000000000000000000000000000000000000000000000000000000000000000000000000000000
000000000000000000000101101000001000000000000011001000100000000000000000000000000000000000000000000000000000000000000000000000000000000000000000000000000000000000000000000000000000000000000000000000000000000000000000000000000000000000000000000000000000000000000000000000000000000000
000000000000000000000100101000001010000000000011000010100000000000000000000000000000000000000000000000000000000000000000000000000000000000000000000000000000000000000000000000000000000000000000000000000000000000000000000000000000000000000000000000000000000000000000000000000000000000
000000000000000000000100001000001000000000000011000000100000000000000000000100000000000000000000000000000000000000000000000000000000000000000000000000000000000000000000000000000000000000000000000000000000000000000000000000000000000000000000000000000000000000000000000000000000000000
100000000000000000000110101101001101000000111001000000000000000000010100100000000000000000000000000000000000000000000000000000000000000000000000000000000000000000000000000000000000000000000000000000000000000000000000000000000000000000000000000000000001100000000000000000000000000000
000000000000000000000110011001001000000000000101000000110000000000000000000000000000000000000000000000000000000000000000000000000000000000000000000000000000000000000000000000000000000000000000000000000000000000000000000000000000000000000000000000000000000000000000000000000000000000
000000000000000001100000000000000000000000000000000000000000000000000000000000000000000000000000000000000000000010000000000000000000000000000000000000000000000000000000000000000000000100001000000000000000000000000000001000010000000000000110000100000001000000000000000000000000000000
000000000000000000000100101000101000000000000011000000100000000000000000000000001000000000000000000000000000000000000000000000000000000000000000000000000000000000000000000000000000000000000000000000000000000000000000000000000000000000000000000000000000000000000000000000000000000000
010000000011111110000000000000000000000000000000000000000000000000000000000000000000010000000000000000000100110111000000000000001000000000000000000001110000000000001000110010000000110111010010000000000000000000000000000000001000000000000000100010101100000000111111111111011011111000
000000000000000000001100101000001000000000000011000000000000000000000000000000000010000000000000000000000000000000000000000000000000000000000000000000000000000000000000000000000000000000000000000000000000000000000000000000000000000000000000000000000000000000000000000000000000000000
000000000000000000110000000000000000000000000000000000000000000000000000000000000000000000000000000000000000000010000000000000000000000000000000000000000000000000000000101011000000110111101011000001110101111111111111111100000000000000000011000100000001000000000000000000000000000000
100000000000000000000110101101001101000000111101000000000000000000010010100000000000000000000000000000000000000000000000000000000000000000000000000000000000000000000000000000000000000000000000000000000000000000000000000000000000000000000000000000000001100000000000000000000000000000
000000000000000000000000000000000000000000000000000000000000000000000000000000000000000000000000000000000000000011000000000000000000000000011110111100000000000000000000110000000000001100010000000000000000000000000000000000000001010000000000000000000000000000000000000000000000000000
000000000000000000000100001000101000111000000111100000100000000000000000000000000000000000000000000000000000000000000000000000000000000000000000000000000000000000000000000000000000000000000000000000000000000000000000000000000000000000000000000000000000000000000000000000000000000000
000000000000000000000000000000000000000000000000000000000000000000000000000000000000000000000000000000000000000000000000000000000000000000000000000000000000000000000000000000000000000000000000000000000000000000000000000000000000000000000000000000000001100000000000000000000000000111
101010000000000000000100000000000000000000000000000000000000000000000000000000000000000000000000000000000000000000000000000000000000000000000000000000000000000000000000000000000000000000000000000000000000000000000000000000000000000000000000000000000000000000000000000000000000000000
000000000000000000000000000000000000000000000000000000000000000000000000000000000000000000000000000000000000000000000000000000000000000000000000000000001000000100001000000000000000000000000000000000000000000000000000000000000000000000000000000010001100000000000000000000000000000000
100000000000000000000110101101101001000000111001000000000000000000001000100000000000000000000000000000000000000000000000000000000000000000000000000000000000000000000000000000000000000000000000000000000000000000000000000000000000000000000000000000000001100000000000000000000000000000
000000000000000000000000000000000000000000000000000000000000000000000000000000000000000000000000000000000000000000000000000000000000000000000000000000000000000000000000000000000000000000000000000000000000000000000000000000000000000000000000000000000001001010000000000000000000000000
010000000010111110000000000000000000000000000000000000000000000000000000000000000000010000000000000000000100111011000000000000001000000000000000000001110000000000001000110010000000000000000000000000000000000000000000000000001000000000000000100010101100000000111111111111011011111000
010000101111110110000000000000000000000000000000000000000000000000000000000000000000111111111000111111011000000010000000000111101011100000000000000001000000000000000000101010000000110111101010000000000000000000000000000000001110000000000010000101100001000000111111111111111111111000
000000000000000000000110101101001101000000000001010000000000000000000000000000000000000000001101011000000000000000000000000000000000000000000000000000000000000000000000000000000000000000000000000000000000000000000000000000000000000000000010010111000001000000000000000000000000000000
000000000000000000000000001000001000000000000000000000000000000000000000000000000000000000001000001000000000000000000000000000000000000000000000000000000000000000000000000000000000000000000000000000000000000000000000000000000000000101000010000101000001000000000000000000000000000000
100000000000000000000110101101001101000000000001000000000000100000010000100000000000000000000000000000000000000000000000000000000000000000000000000000000000000000000000000000000000000000000000000000000000000000000000000000000000000000000000000000000001000000000000000000000000000000
000000000000000000000100001000001010000000000011000001100000000000000000000000000000000000000000000000000000000000000000000000000000000000000000000000000000000000000000000000000000000000000000000000000000000000000000000000000000000000000000000000000000000000000000000000000000000000
000000000000000000110000000000000000000000000000000000000000000000000000000000000000000000000000000000000000000010110101111000000000000000000000000000000000000000000000101100110100000000000000000000000000000000000000000000000000000000000010000100000001000000000000000000000000000000
000000000000000000000100101000001000000000000011000000100000000000000000000001000000000000000000000000000000000000000000000000000000000000000000000000000000000000000000000000000000000000000000000000000000000000000000000000000000000000000000000000000000000000000000000000000000000000
000000000000000000110000000000000000000000000000000000000000000000000000000000000000000000000000000000000000000010001111111000000000000000000000000000000000000000000000101000111000000000000000000000000000000000000000000000000000000000000010000100000001000000000000000000000000000000
111001000010000000000100000000000000000000000000000000000000000000000000000000000000010000000000000000000000000000000000000000000000000000000000000000000000000000000000000000000000000000000000000000000000000000000000000000001000000000000000000000000000000000000000000000000000000000
000000000000000000110000000000000000000000000000000000000000000000000000000000000000000000000000000000000000000010000000000000000000000000000011000000000000000000000000101010000000110111101010000001111110010110111110011011000000000000000010000100000001000000000000000000000000000000
000000000000000000000100001000101000000000000011000000100000010000000000000000000000000000000000000000000000000000000000000000000000000000000000000000000000000000000000000000000000000000000000000000000000000000000000000000000000000000000000000000000000000000000000000000000000000000
000000000000000000000101101000001000000000000011000000100100000000000000000000000000000000000000000000000000000000000000000000000000000000000000000000000000000000000000000000000000000000000000000000000000000000000000000000000000000000000000000000000000000000000000000000000000000000
000000000000000000000000001000001000000000000000000000000000000000000000000000000000000000001000011000000000000000000000000000000000000000000000000000000000000000000000000000000000000000000000000000000000000000000000000000000000000100010010000101000001000000000000000000000000000000
000000000000000000000000000000000000000000000000000000000000000000000000000000000000000000000000000000000000000000000000000000000000000000000000000000001000000001000010000000000000000000000000000000000000000000000000000000000000000000000000000000000100000000000000000000000000000000
000000000000000000000000000000000000000000000000000000000000000000000000000000000000000000000000000000000000000000000000000000000000000000000000000000001000000010100101000000000000000000000000000000000000000000000000000000000000000000000000000000000100000000000000000000000000000000
000000000000000000000000000000000000000000000000000000000000000000000000000000000000000000000000000000000000000000000000000000000000000000000000000011111001000000010000000000000010000000000000000000000000000000000000000000000000000000000000100010001110000000000000000000000000000000
000000000000000000000000000000000000000000000000000000000000000000000000000000000000000000000000000000000000000000000000000000000000000000000000000011111010000000001000000000000001000000000000000000000000000000000000000000000000000000000000100010001100000000000000000000000000000000
000000000000000000000000000000000000000000000000000000000000000000000000000000000000000000001010000000000000000010000000000000000000000000000000000000000000000000000000101011000000110111101011110000010101111111110011110000000000000000000011000100000001000000000000000000000000000000
000000001000000000000000000000000000000000000000000000000000000000000000000000000000000000001000101000000000000000000000000000011101111001000000000000000000000000000000000000000010000000000000000000000000000000000000000000001110000000000010100101000001000000000000000000000000000000
000000000000000000000000001000001000000000000000000000000000000000000000000000000000000000001000001000000000000000000000000000000000000000000000000000000000000000000000000000000000000000000000000000000000000000000000000000000000000100001010001101000001000000000000000000000000000000
100000000000000000000100001000100000000100000011000000100000000000000000010000000000000000000000000000000000000000000000000000000000000000000000000000000000000000000000000000000000000000000000000000000000000000000000000000000000000000000000000000000000000000000000000000000000000000
000000001000000000000000000000000000000000000000000000000000000000000000000000000000000000001000101000000000000000000000000000011101110011000000000000000000000000000000000000000010000000000000000000000000000000000000000000001110000000000010100101000011000000000000000000000000000000
011100000010000000000000000000000000000000000000000000000000000000000000000000000000010000000000000000000000000000000000000000000000000000000000000000000000000000000000000000000000000000000000000000000000000000000000000000001000000000000000000000000000000000000000000000000000000000
010000000011111110000000000000000000000000000000000000000000000000000000000000000000010000000000000000000101110011000000000000001000000000000000000001110000000000010000110010000000110111010010000000000000000000000000000000001000000000000000100010101100000000111111111111011011111000
000000000000000000000101101000001000000000000011000000101000000000000000000000000000000000000000000000000000000000000000000000000000000000000000000000000000000000000000000000000000000000000000000000000000000000000000000000000000000000000000000000000000000000000000000000000000000000
000000000000000000000100001000001000111000000111000000100000000100000000000000000000000000000000000000000000000000000000000000000000000000000000000000000000000000000000000000000000000000000000000000000000000000000000000000000000000000000000000000000000000000000000000000000000000000
000000000000000000000000000000000000000000000000000000000000000000000000000000000000000000000000000000000000000000000000000000000000000000000000000011111100000000010000000000000001000000000000000000000000000000000000000000000000000000000000100010001100000000000000000000000000000000
000000000000000000000000000000000000000000000000000000000000000000000000000000000000000000000000000000000000000000000000000000000000000000000000000011111000010000000000000000000010000000000000000000000000000000000000000000000000000000000000100000001110010000000000000000000000000000
000000000000000000000000000000000000000000000000000000000000000000000000000000000000000000000000000000000000000011000000000000000000000000001010111000000000000000000000110000000000000000000000000000000000000000000000000000000001100000000000000000000000000000000000000000000000000000
100000000000000000000100001000011000000000000011000000100000000000000000001000000000000000000000000000000000000000000000000000000000000000000000000000000000000000000000000000000000000000000000000000000000000000000000000000000000000000000000000000000000000000000000000000000000000000
000000000000000000000000000000000000000000000000000000000000000000000000000000000000000000000000000000000000000000000000000000000000000000000000000000000000000000000000000000000000000000000000000000000000000000000000000000000000000000000010000110000000001100000000000000000000000000
000000000000000000000000000000000000000000000000000000000000000000000000000000000000000000001010000000000000000010000000000000000000000000000000000000000000000000000000101010000000110111101010101100010100010110110010010000000000000000000010000100000001000000000000000000000000000000
100000000000000000000100011010001000000000000011000000100000000000000000000010000000000000000000000000000000000000000000000000000000000000000000000000000000000000000000000000000000000000000000000000000000000000000000000000000000000000000000000000000000000000000000000000000000000000
000000000000000000000100101000101000000000000011000000100010000000000000000000000000000000000000000000000000000000000000000000000000000000000000000000000000000000000000000000000000000000000000000000000000000000000000000000000000000000000000000000000000000000000000000000000000000000
000000000000000000110000000000000000000000000000000000000000000000000000000000000000000000000000000000000000000010110000000000000000000000000000000000000000000000000000101010000000110111101110000000010100010110110010011010100000000000000010000100000001000000000000000000000000000000
000000000000000000000101101000001000000000000001000000100000000000100000000000000000000000000000000000000000000000000000000000000000000000000000000000000000000000000000000000000000000000000000000000000000000000000000000000000000000000000000000000000000000000000000000000000000000000
000000000000000000000111101101001001000000111011000000000000000000000000000000000100000000000000000000000000000000000000000000000000000000000000000000000000000000000000000000000000000000000000000000000000000000000000000000000000000000000000000000000001100000000000000000000000000000
000000000000000000000000000000000000000000000000000000000000000000000000000000000000000000000000000000000000000000000000000000000000000000000000000011111000100000010000000000000010000000000000000000000000000000000000000000000000000000000000100010001110000000000000000000000000000000
000000010000000000000000000000000000000000000000000000000000000000000000000000000000000000001000100000000000000000000000000000011101110101000000000000000000000000000000000000000010000000000000000000000000000000000000000000001110000000000010100100000011010000000000000000000000000000
000000000000000000000100111000001000000000000001000000100000000000000000000000010000000000000000000000000000000000000000000000000000000000000000000000000000000000000000000000000000000000000000000000000000000000000000000000000000000000000000000000000000000000000000000000000000000000
000000000000000000000100101000001000000000000011000000000000000000000000000000000001000000000000000000000000000000000000000000000000000000000000000000000000000000000000000000000000000000000000000000000000000000000000000000000000000000000000000000000000000000000000000000000000000000
000000000000000000000000000000000000000000000000000000000000000000000000000000000000000000000000000000000000000000000000000000000000000000000000000000001000001000010000000000000000000000000000000000000000000000000000000000000000000000000000000010001100000000000000000000000000000000
000000000000000000000101101000101000000010000100000000000000000000000000000000000000000000001000001000000000000000000000000000000000000000000000000000000000000000000000000000000000000000000000000000000000000000000000000000000000001110000010000101000001000000000000000000000000000000
000000000000000000000110101101001101000000000001000000100000000000000001000000000000000000000000000000000000000000000000000000000000000000000000000000000000000000000000000000000000000000000000000000000000000000000000000000000000000000000000000000000001000000000000000000000000000000
000000000000000000000100001000001000111000000111000000100000001000000000000000000000000000000000000000000000000000000000000000000000000000000000000000000000000000000000000000000000000000000000000000000000000000000000000000000000000000000000000000000000000000000000000000000000000000
000000000000000000000000001000001000000000000000000000000000000000000000000000000000000000001000001000000000000000000000000000000000000000000000000000000000000000000000000000000000000000000000000000000000000000000000000000000000000100100010001101000001000000000000000000000000000000
010000000010111110000000000000000000000000000000000000000000000000000000000000000000010000000000000000000110110011000000000000001000000000000000000001110000000000010000110010000000000000000000000000000000000000000000000000001000000000000000100010101100000000111111111111011011111000
000000000000000000000100101000101000000000000011000000100001000000000000000000000000000000000000000000000000000000000000000000000000000000000000000000000000000000000000000000000000000000000000000000000000000000000000000000000000000000000000000000000000000000000000000000000000000000
010000001010110110000000000000000000000000000000000000000000000000000000000000000000010000000000111010111000000010000000000101001011100000000000000001000000000000000000101010000000000000000000000000000000000000000000000000001110000000000000000000100000000000111111111111111111111000
000000000000000000000101101000001000000001000011000100100000000000000000000000000000000000000000000000000000000000000000000000000000000000000000000000000000000000000000000000000000000000000000000000000000000000000000000000000000000000000000000000000000000000000000000000000000000000
000000000000000000000100111000001000000000000011000000100000000000000000000000100000000000000000000000000000000000000000000000000000000000000011000000000000000000000000000000000000000000000000000000000000000000000000000000000000000000000000000000000000000000000000000000000000000000
000000000000000000000000000000000000000000000000000000000000000000000000000000000000000000001000000000000000000010000000000000000000000000000000000000000000000000000000000000000000000100001000100010000000000000000000000000000000000000000010000100000001000000000000000000000000000000
000000001000000000000000000000000000000000000000000000000000000000000000000000000000000000001000101000000000000000000000000000011101110001100000000000000000000000000000000000000001000000000000000000000000000000000000000000001110000000000010000101000001000000000000000000000000000000
000000000000000000000000000000000000000000000000000000000000000000000000000000000000000000000000000000000000000000000000000000000000000000000000000000000000000000000000000000000000000000000000000000000000000000000000000000000000000000000000000000010000001001000000000000000000000000
