00000000000000000000001111100000000000001100011100000001110001111111111110000000000011101101111
00000000000000001111110011111111110011000000011100000000000000000000000000000000000000000000000
00000000000000001111110011111111110011000000011100000000000000000000000000000000000000000000000
00001100000000000000000000000000000000001100011100000001110001111111111110000000000011101101111
00000000000000000000001111100000000000001100011100000000010000000111111110000000000011110101111
00000000000000000000000000000000000000000000000000000000000000000000000000000000000000000000000
00000000000000000000000000000000000000000000011100000001100001111000001110000000000011101101111
00000000000000000000000000000000000000001100011100000001110001111111111110000000000011101101111
10110011111111110000000000000000000000000000000000000000000000000000000000000000000000000000000
01110011111111110000000000000000000000000000000000000000000000000000000000000000000000000000000
00000000000000000000000000000000000000110011111111110001100001111000001110000000000011101011111
00001100000000000000000000000000000000001100000000000010010010000111110000000000010000000000000
00000000000000000000000000000000000000000000011100000001100001111001111110000000000011101101111
00000000000000000000000000000000000000000000011100001101101101111001111110000111100011101101111
00000000000000000000000000000000000000000000000000000000000000000000000000000000010000000000000
00000000000000001111110011111111110011000000011100000000000000000000000000000000000000000000000
00000000000000000000000000000000000000000000000000000000000000000000000000000000000000000000000
00000000000000001111110011111100000011000011111111110000000000000000000000000000000000000000000
00000000000000000000001111100000000000001100011100000001110001111111111110000000000011101101111
00000000000000000000000000000000001100000011111111110000000000011001111110000000001100000000000
00000000000000000000000000000000001100000000011100000000000000011001111110000000011100000000000
00000000000000000000000000000000000000110000011100000001100001111001111111111000000011101011111
00000000000000001111110011111111110011000000011100000000000000000000000000000000000000000000000
00000000000000000000000000000000000000000000011100000001100001111001111110000000000011101101111
