011100010000000000000000000000000000000000000000110000000000010101010010001111101111001110000000000000000000000000111111111001000100000000
000000000000000000000000000000000111000100000101101111110001000101010000000000000000000000000000000000000000000000000000000000000000000000
000000000000000000000000000000000111100001011111101111110001000101010000000000000000000000000000000000000000000000000000000000000000000000
011100010000000000000000000001000000000000000000000000000000010101010010001111101111001110000000000000000000000000111111111001010000000000
000000000000000000000000000000000000000000000000110000000000010101010010001001101100001110000000000000000000000000111111111101100000010000
000000000000000000011110000000000000000000000000000000000000000000000000000000000000000001011100000000000000000000000000000000000000000000
000000000000000000000000000000000000000000000000110000000000010101010010001111101111001110000000000000000000000000111111111101100001000000
000000000000000000000000000000000000000000000000000000000000000101010010000110001111001110000000000000000000000000111111111001000000100000
100000000110000011100000111110111100000000000000000000010000000000010000000000000000000000000000000000000000000000000000000000000000000000
100000000001111100000000010110111100000000000000000000010000000000010000000000000000000000000000000000000000000000000000000000000000000000
000000000000000000000000000000000000000000000000000000000100111111010010001111101111001110000000000000000000000000111111111001000000000001
000000000000000000000000000001000000000000000000000000000000010000001110001000100000000001100101100000000000000000000000000000000000000000
011100010000000000000000000000000000000000000000000000000000000101010010000111001111001110000000000000000000000000111111111001001000000000
000011101000000000000000000000000000000000000000000000001010000101011111010111001111111110000000001100000000000000111111111011000000000100
000000000000000000000000000000000000000000000000000000000000000000000000000000000000000001100101010000000000000000000000000000000000000000
000000000000000000000000000000000111010001110101101111110001000101010000000000000000000000000000000000000000000000000000000000000000000000
000000000000000000011101000000000000000000000000000000000000000000000000000000000000000001011100000000000000000000000000000000000000000000
000000000000000000000000000000000111000011110001100111110101101101010000000000000000000000000000000000000000000000000000000000000000000000
000000000000000000000000000000000000000000000000000000000000000101010010000110001111001110000000000000000000000000111111111101100000000010
000000000000000000000000000000000000000000000000000000000100101101110000000001001101001001000110000011111111111101000000000000000000000000
000000000000000000000000000000000000000000000000000000000000000101110000000001001101001001111110000011111111111011000000000000000000000000
000000000000000000000000000000000000000000000000000000000000000111010010100111011111001110000000000000000000000000111111111001000000001000
000000000000000000000000000000000111001000010101101111110001000101010000000000000000000000000000000000000000000000000000000000000000000000
011100010000000000000000000000000000000000000000000000000000000101010010000111001111001110000000000000000000000000111111111001000010000000
