110000000000001000000000000000000001111010000011010000000001110000000000011
000000000000000000000000000000000000000100000011001000000000000000000000000
000000000000000000011101100110101000000010000011010000001000000000001000000
000000000000000000000000000111101110000010000011010111100000000000000000000
000000000000000000000000000000000001100010000011010000000000000000000000000
000000000000000000000000000000000000000001000010101000000000000000000000000
101000000000001000000000000000000000000010000011010000000000000000000000000
000000000000010000000000000000000000000010101011010000000000000000000000000
000000000000000000000000000000000000000010000011010000000000000000000000000
000000000000000000000000000000000000000010000011010000000000001111100000000
000000000000000000000000000000000000000000110010101000000000000000000000000
000000000000000000000000000000000000000010101111011000000000000000000000000
000000000000000000000000000000000000000010101011010000000000000000000000011
000000010100001000000000000000000000000010000011010000000000000000000000000
000000000000000000000000000000000000000001000011001000000000000000000000000
000000000000001000000000000000000000000100000011001000000000000000000000000
000000000000010000000000000000000000000000000000000000000000000000000000000
000000000000000000000000000000000000000010000011010000000000000000000000000
000000000000010000000000000000000000000010101111010000000000000000000000000
000000000000000000000000000000000000000010000011010000010010000000010110100
000000000000000000000000000000000000000010000011010000000000000000000000011
000000000000000000000000000000000000000001101011011000000000000000000000000
000000000000000000000000000000000000000100000010101000000000000000000000000
000000000001000000000000000000000000000010101011010000000000000000000000000
000111111000001000000000000000000000000010000011010000000000000000000000011
000000000000000000000000000000000000000010101011010000000000000000000000000
000000000000000000000000000000000000000010000011010000000000000000000000011
000000000000000000000000000000000000000000000000000000000000000000000000000
000000000000000000000000000000000000000000111011011000000000000000000000000
000000000000000110000000000000000000000000000000000000000000000000000000000
000000000000000000000000000000000000000000101010111000000000000000000000000
000000000000000000000000000000000000000100000011001000000000000000000000000
000000000000000000000000000000000000000100000011001000000000000000000000000
000000000000001000000000000000000000000100000011001000000000000000000000000
000000000000000000000000000000000000000000110011001000000000000000000000000
000000000000000000000000000000000000000010000011010000000000000000001000000
000000000000000000001110100110101000000010000011010000001000000000001000000
000000000000000000000000000000000000000000110011001000000000000000000000000
000000000000000000000000000000000000000010000011010000000000000000000000011
000000000000000000000000001111111100000010000011010111100000000000000000000
000000000000000000000000000111101000000000000000000000000000000000000000000
000000000000000000000000000000000000000001000011001000000000000000000000000
000000000000000000000000000000000000000001000010101000000000000000000000000
000000000000000000000000000000000000000010000011010000000000011111100000000
000000000010000000000000000000000000000000101011010000000000000000000000000
000000000000000000000000000000000000000010000011010000010100000000010110100
000000000000000000000000000000000000000000110010101000000000000000000000000
000000000000000000000000000000000000000010000011010111100000000000000000000
000000000000000000000000000000000000000000000000000000000000000000000000000
000000000000000000001110110110101000000010000011010000001000000000001000000
110000000000001000000000000000000001111010000011010000000001110000000000011
000000000000000000000000000111101100000010000011010111100000000000000000000
000000000000000000000000000000000001100010000011010000000000000000000000000
000000000001000000000000000000000000000010101011010000000000000000000000000
000000000000000000000000000000000000000110000011011000000000000000000000000
000000000000000000000000000000000000000100000011001000000000000000000000000
000000000000000000000000000000000000000010000011010000000000001111100000000
000000000000000000000000000000000000000000101010111000000000000000000000000
000000000000000000000000000000000000000010000011010000000000000000000000011
000000000000000000000000000000000000000010000011010000001000000000001000000
000000000000100000000000000000000000000000000000000000000000000000000000000
000000000000000000000000000000000000000010000011010000000000000000000000000
000000000000000000000000000000000000000000000000000000000000000000000000000
000000000000000000000000000000000000000010000011010000000000000000010110100
000000000000000000000000000000000000000010000011010000000000000000010111100
000000000000000000000000000000000000000100000011001000000000000000000000000
000000000000001101000000000000000000000000000000000000000000000000000000000
000000000000000000101101100110101000000010000011010000001000000000011110100
000000000010000000000000000000000000000000101011010000000000000000000000000
