0000000000000000000011111110000000000000000000000000000000000000001011111101000001000000000101101000000000000000000000000000000001100000000000000000000000000111100000110100000000000000011101001011000000000000000000
0000000000000000000000000000000000000000000000000000000000000000000000000000000000000000000000000000000000000000000000000000000000000000000000000000000000000000000000010100000000000000000000010000100000000000001000
0000000000000000000000000000000000000000000000001011111101000000000000000000000001110110111000000111100000101010000110000000000000000000000000000000000000000000000000010100000000000000000010000100000000000000000000
0000000000000000000000000000000000000000000000001111010110000000000000000000000000000000000000000000000000001110011110001100100000000000000000000000000000000000000000010100000000000100000000000000000000000000000000
0000000000000000000000000000000000000000000000000000000000000000000000000000000000000000000000000000000000000000000000000000000000000000000000000000000000000001111100010100000000000000000000000000000000000000000000
0000000000000000000000000000000000000000000000000000000000000000000000000000000000000000000000000000000000000000000000000000000000000000000000000000000000000000000000011000010000100000000000000000000000000000000000
0000000000000000101011101100100000000000000000000000000000000000001011010011100001000000000000011000000000000000000000000000000000000000000000000000000000000100000000010100000000000000000000000000000000000000000000
1111011011110001000000000000000000000000000000000000000000011110000000000000000000000000000000000000000000000000000000000000000000000000000000000000000000000000000000011100000000000000000000000000000000000000000000
0000000000000000000000000000000000000000000000000000000000000000000000000000000000000000000000000000000000000000000000000000000000000000000000000000000000000000000000010100000000000000000000010000100000000000000001
0000000000000000000000000000000000000000000000001000000000000000000000000000000001010000000001000011100010000000000000000000000000000000000000000000000000000000000000010100000000000000000000010001000000000000000000
0000000000000000000000000000000000000000000000000000000000000000000000000000000000000000000000000000000000000000000000000000000000000000000000000000000000000000000000011000010000001000000000000000000000000000000000
1110111010110010000000000000000000000000000000000000000000000000000000000000000000000000000000000000000000000000000000000000000000000000000000000000000000000000000000011110100000000000000000000000000000000000000000
0000000000000000000000000000000000000000000000000000000000000000000000000000000000000000000000000000000000000000000000000000000000011101110000000000000000000000000000011100000000000000001000001010000000000000000000
0000000000000000101000000000001111110000000000000000000000000000001011010011100001000000000000011000000000000000000000000000000000000000000000000000000000000100000000010100000000000000000000000000000000000000000000
0000000000000000010100000000000000000000000000000000000000000000000000000000000000000000000000000000000000000000000000000000000000010101100000100000000000000000000000011000000000000000000000000000000000000000000000
0000000000000000000000000000001111101000000000000000000000000000001011000000000001000000000000000000000000000000000000000000000000000000000000000000000000000100000000010100000000000000000000000000000000000000000000
0000000000000000000000000000000000000000000000000000000000011111100000000000000000000000000000000000000000000000000000000000000000000000000000000000000000000000000000000000000000000000000000000000000000000000000000
0000000000000000000000000000000000000000000000000000000000000000000000000000000000000000000000000000000000000000000000000000000000000000000000000000000000000000000000010100000000000000000000010000100010000000000000
1111111011110100000000000000000000000000000000000000000000011110000000000000000000000000000000000000000000000000000000000000000000000000000000000000000000000000000000011110100000000000000000000000000000000000000000
0000000000000000000000000000000000000000000000000000000000000000000000000000000000000000000000000000000000000000000000000000000000000000000000000000000000000000000000010100000000000000000010101100100100000000000000
0000000000000000000000000000000000000000000000000000000000000000000000000000000000000000000000000000000000000000000000000000000000000000000000000000000000000000000000010100000000000000001000001010100000000001000000
0000000000000000010100000000000000000000000000000000000000000000000000000000000000000000000000000000000000000000000000000000000000010101100010000000000000000000000000011000000000000000000000000000000000000000000000
0000000000000000000000000000000000000000000000000000000000000000000000000000000000000000000000000000000000000000000000000000000000000000000000000000000000000000000000010100010001000000000000000000000000000000000000
0000000000000000000000000000000000000011110100000000000000000000000000000000000000000000000000000000000000000000000000000000001110000000000000000000000000000000000000011100000000000000000000010000000000000000000000
0000000000000000000000000000001111100100000000000000000000000000001011010000000001000000000000000000000000000000000000000000000000000000000000000000000000000100000000010100000000000000001000001010000000000000000000
1111011111111000000000000000000000000000000000000000000000011100000000000000000000000000000000000000000000000000000000000000000000000000000000000000000000000000000000011100000000000000000000000000000000000000000000
0000000000000000000000000000000000000000000000000000000000000000000000000000000000000000000000000000000000000000000000000000000000000000000000000000000000000000000000010100000000000000001000011010100000001000000000
0000000000000000000000000000000000000000000000000000000000000000000000000000000000000000000000000000000000000000000000000000000000000000000000011011111101101000000000000000000000000000000000000000000000000000000000
0000000000000000010100000000000000000000000000000000000000000000000000000000000000000000000000000000000000000000000000000000000000010101100100000000000000000000000000011000000000000000000000000000000000000000000000
0000000000000000000000000000000000000000000000000000000000000000001011000000011011000000000000000000000000000000000000000000000000000000000000000000000000000000000000000000000000000000000000000000000000000000000000
0000000000000000000000000000000000000000000000000000000000000000000000000000000000000000000000000000000000000000000000000000000000000000000000000000000000000000000000011001110010000000000000000000000000000000000000
0000000000000000000000000000000000000000000000000000000000000000000000000000000000000000000000000000000000000000000000000000000000000000000000000000000000000000111001010100000000000000000000000000000000000000000000
0000000000000000000000000000000000000000000000000000000000000000000000000000000000000000000000000000000000000000000000000000000000000000000000000000000000000000000000010100000000000000000000000100100000000000010000
0000000000000000000011101100010000000000000000000000000000000000001011000000000001000000000000000000000000000000000000000000000000000000000000000000000000000100000000010100000000000000000000000000000000000000000000
0000000000000000000000000000000000000011110010000000000000000000000000000000000000000000000000000000000000000000000000000000000000000000000000000000000000000000000000011000000000000000000000000000000000000000000000
0000000000000000000000000000000000000000000000000000000000000000000000000000000000000000000000000000000000000000000000000000000000000000000000000000000000000000000000010100000000000000000000000100100000000000100000
0000000000000000000000000000000000000000000000001011010100000000000000000000000001010100110000000111100000011010000110000000000000000000000000000000000000000000000000010100000000000000000010000100000000000000000000
0000000000000000010100000000000000000000000000000000000000000000000000000000000000000000000000000000000000000000000000000000000000010101100001000000000000000000000000011000000000000000000000000000000000000000000000
0000000000000000000000000000000000000000000000000000000000000000000000000000000000000000000000000000000000000000000000000000000000000000000000000000000000000000000000010100000000000000001000001010100000010000000000
0000000000000000000000000000000000000000000000001111010100000000000000000000000000000000000000000000000000001110011111111110000000000000000000000000000000000000000000010100000000000100000000000000000000000000000000
0000000000000000000000000000000000000000000000001111010100000000000000000000000000000000000000000000000000001011100110001100010000000000000000000000000000000000000000000000000000000000000000000000000000000000000000
0000000000000000000000000000000000000011110001000000000000000000000000000000000000000000000000000000000000000000000000000000000000000000000000000000000000000000000000011000000000000000000000000000000000000000000000
0000000000000000000000000000000000000000000000000000000000000000000000000000000000000000000000000000000000000000000000000000000000000000000000000000000000000000000000011001010000010000000000000000000000000000000000
0000000000000000000000000000000000000000000000001000000000000000000000000000000001010000000001000011100100000000000000000000000000000000000000000000000000000000000000010100000000000000000000010001000000000000000000
0000000000000000010000000000000000000011110000010000000000000000000000000000000000000000000000000000000000000000000000000000000000000000000000000000000000000000000000011000000000000000000000000000000000000000000000
0000000000000000000000000000000000000000000000000000000000000000000000000000000000000000000000000000000000000000000000000000000000000000000000000000000000000000000000010100000000000000000010101100101000000000000000
0000000000000000000000000000000000000000000000000000000000000000000000000000000000000000000000000000000000000000000000000000000000000000000000000000000000000000000000011000010100000000000000000000000000000000000000
0000000000000000000000000000000000000000000000000000000000000000000000000000000000000000000000000000000000000000000000000000000000000000000000000000000000000000000000010100000000000111000000000000000000000000000000
0000000000000000000000000000000000000000000000000000000000000000000000000000000000000000000000000000000000000000000000000000000000010011101000000000000000000000000000000000000000000000000000000000000000000000000000
0000000000000000000000000000000000000000000000001011110101000000000000000000000001011100110010000111110000001010000110000000000000000000000000000000000000000000000000010100000000000000000010000100000000000000000000
0000000000000000000011111101000000000000000000000000000000000000001111111101000001010000000101101000000000000000000000000000000000000000000000000000000000000111100000010100000000000000001001001011000000000000000000
0000000000000000000000000000000000000000000000001111010110000000000000000000000000000000000000000000000000001110011110001101000000000000000000000000000000000000000000010100000000000100000000000000000000000000000000
0000000000000000000000000000000000000000000000000000000000000000000000000000000000000000000000000000000000000000000000000000000000000000000000000000000000000001111010010100000000000000000000000000000000000000000000
0000000000000000000000000000000000000011111000000000000000000000000000000000000000000000000000000000000000000000000000000000001110000000000000000000000000000000000000011100000000000000000000010000000000000000000000
0000000000000000000000000000000000000000000000000000000000000000000000000000000000000000000000000000000000000000000000000000000000000000000000000000000000000000000000010100000000000000000010000100100000000000000010
0000000000000000000000000000000000000000000000000000000000000000000000000000000000000000000000000000000000000000000000000000000000000000000000000000000000000000000000010100000000000110100000000000000000000000000000
0000000000000000000000000000000000000000000000001000000000000000000000000000000001010001000001000011101000000000000000000000000000000000000000000000000000000000000000010100000000000000000000010001000000000000000000
0000000000000000000000000000000000000000000000000000000000000000000000000000000000000000000000000000000000000000000000000000000000000000000000000000000000000000000000011001111000000000000000000000000000000000000000
0000000000000000000000000000000000000000000000000000000000000000000000000000000000000000000000000000000000000000000000000000000000000000000000000000000000000000000000010100000000000000001000001010100000000010000000
0000000000000000000000000000000000000000000000000000000000000000000000000000000000000000000000000000000000000000000000000000000000000000000000000000000000000000000000010100000000000000000010000100110000000000000000
0000000000000000000000000000000000000000000000000000000000110011010000000000000000000000000000000000000000000000000000000000000000000000000000000000000000000000000000000000000000000000000000000000000000000000000000
0000000000000000000000000000000000000000000000000000000000000000000000000000000000000000000000000000000000000000000000000000000000000000000000000000000000000000000000010100000000000000000000001000100000100000000000
0000000000000000000000000000000000000000000000000000000000000000000000000000000000000000000000000000000000000000000000000000000000000000000000011101111111110000000000000000000000000000000000000000000000000000000000
0000000000000000000000000000000000000000000000000000000000000000000000000000000000000000000000000000000000000000000000000000000000000000000000000000000000000000000000010100000000000000000000101100100000000100000000
0000000000000000000000000000000000000000000000000000000000000000000000000000000000000000000000000000000000000000000000000000000000000000000000000000000000000000000000010100000000000000000000101100100001000000000000
0000000000000000000000000000000000000000000000000000000000000000000000000000000000000000000000000000000000000000000000000000000000000000000000000000000000000000000000010100000000000000000000001010100000000000000100
0000000000000000000000000000000000000000000000000000000000000000001011010000011101000000000000000000000000000000000000000000000000000000000000000000000000000000000000000000000000000000000000000000000000000000000000
0000000000000000000000000000000000000000000000001011111101000000000000000000000001110100111000000111100001001010000110000000000000000000000000000000000000000000000000010100000000000000000010101100000000000000000000
0000000000000000010000000000000000000011110000100000000000000000000000000000000000000000000000000000000000000000000000000000000000000000000000000000000000000000000000011000000000000000000000000000000000000000000000
