1100000000000000000001000000000000000000000000000111111100000010000011010000000000000001100
0000000000000000000000000000000000000000000000000000000000000100000011001000000000000000000
0000000000000000000000000100110011111101011010100000000000000010000011010000001000100000000
0000000000000000000000000000000000000000011110111000000000000010000011010111100000000000000
0000000000000000000000000000000000000000000000000110000000000010000011010000000000000000000
0000000000000000000000000000000000000000000000000000000000000001000010101000000000000000000
1010000000000000000001000000000000000000000000000000000000000010000011010000000000000000000
0000000000000000000000000000000000000000000000000000000000000010000011010000000000000000000
0000000000000000000000000000000000000000000000000000000011111010000011010000000000000000000
0000000000000000000000000000000000000000000000000000000000000000110010101000000000000000000
0000000000000000000000000000000000000000000000000000000000000010101111011000000000000000000
0000000000000000000000000000000000000000000000000000000000000010101011010000000000000001100
0000000101000000000001000000000000000000000000000000000000000010000011010000000000000000000
0000000000000000000000000000000000000000000000000000000000000001000011001000000000000000000
0000000000001000000000000000000000000000000000000000000000000010101011010000000000000000000
0000000000000000000001000000000000000000000000000000000000000100000011001000000000000000000
0000000000000000010100000000000000000000000000000000000000000000000000000000000000000000000
0000000000000000000000000000000000000000000000000000000000000010000011010000000000000000000
0000000000000000000000000000000000000000000000000000000000000000110011001000000000000000000
0000000000000000000000000000000000000000000000000000000000000010000011010000010011011010000
0000000000000000011000000000000000000000000000000000000000000010101111010000000000000000000
0000000000000000000000000000000000000000000000000000000000000010000011010000000000000001100
0000000000000000000000000000000000000000000000000000000000000001101011011000000000000000000
0000000000000000000000000000000000000000000000000000000000000100000010101000000000000000000
0001111110000000000001000000000000000000000000000000000000000010000011010000000000000001100
0000000000000011000000000000000000000000000000000000000000000010101011010000000000000000000
0000000000000000011000000000000000000000000000000000000000000010101011010000000000000000000
0000000000000000000000000000000000000000000000000000000000000000000000000000000000000000000
0000000000000000000000000000000000000000000000000000000000000010000011010000000000000001100
0000000000000000000000000000000000000000000000000000000000000000110011001000000000000000000
0000000000000011000000000000000000000000000000000000000000000010101011010000000000000000000
0000000000000000010100000000000000000000000000000000000000000010101011010000000000000000000
0000000000000000000000000000000000000000000000000000000000000000111011011000000000000000000
0000000000000000000000110000000000000000000000000000000000000000000000000000000000000000000
0000000000000000000000000000000000000000000000000000000000000000101010111000000000000000000
0000000000010000000000000000000000000000000000000000000000000000101011010000000000000000000
0000000000000000000000000000000000000000000000000000000000000100000011001000000000000000000
0000000000000000000000000000000000000000000000000000000000000100000011001000000000000000000
0000000000000000000000000000000000000000000000000000000000000001000011001000000000000000000
0000000000000000000000000100110101111101011010100000000000000010000011010000001001111010000
0000000000000000000001000000000000000000000000000000000000000100000011001000000000000000000
0000000000000000000000000000000000000000000000000000000000000000110011001000000000000000000
0000000000000000000000000000000000000000000000000000000000000010000011010000000000100000000
0000000000000000000000000100000000111110011010100000000000000010000011010000001000100000000
0000000000000000000000000000000000000000000000000000000000000000110011001000000000000000000
0000000000000000000000000000000000000000000000000000000000000010000011010000000000000001100
0000000000001000000000000000000000000000000000000000000000000010101011010000000000000000000
0000000000000000000000000000000000000000111111110000000000000010000011010111100000000000000
0000000000000000000000000000000000000000011110100000000000000000000000000000000000000000000
0000000000000000000000000000000000000000000000000000000000000001000011001000000000000000000
0000000000000000000000000000000000000000000000000000000000000001000010101000000000000000000
0000000000000000000000000111010101111101011010100000000000000010000011010000001001111010000
0000000000000000000000000000000000000000000000000000000000000010000011010000000000000001111
0000000000000100000000000000000000000000000000000000000000000000101011010000000000000000000
0000000000000000000000000000000000000000000000000000000111111010000011010000000000000000000
0000000000000000011000000000000000000000000000000000000000000010101011010000000000000000000
0000000000000000000000000000000000000000000000000000000000000010000011010000010101011010000
0000000000000000000000000000000000000000000000000000000000000000110010101000000000000000000
0000000000000000000000000000000000000000000000000000000000000010000011010111100000000000000
0000000000000000000000000000000000000000000000000000000000000001000011001000000000000000000
0000000000000000000000000000000000000000000000000000000000000000000000000000000000000000000
0000000000000000000000000110000000111110011010100000000000000010000011010000001000100000000
1100000000000000000001000000000000000000000000000111111100000010000011010000000000000001100
0000000000000000000000000000000000000000011110110000000000000010000011010111100000000000000
0000000000000000000000000000000000000000000000000110000000000010000011010000000000000000000
0000000000000011000000000000000000000000000000000000000000000010101011010000000000000000000
0000000000000000000000000000000000000000000000000000000000000110000011011000000000000000000
0000000000000000000000000000000000000000000000000000000000000100000011001000000000000000000
0000000000000000000000000000000000000000000000000000000011111010000011010000000000000000000
0000000000100000000000000000000000000000000000000000000000000000101011010000000000000000000
0000000000000000000000000000000000000000000000000000000000000000101010111000000000000000000
0000000000000000000000000000000000000000000000000000000000000010000011010000000000000001100
0000000000000000000000000000000000000000000000000000000000000010000011010000001000100000000
0000000000000000101010000000000000000000000000000000000000000000000000000000000000000000000
0000000000000000000000000000000000000000000000000000000000000010000011010000000000000000000
0000000000000000000000000100110011111101011010100000000000000010000011010000001000100000000
0000000000000000000000000100000000111110011010100000000000000010000011010000001000100000000
0000000000000000000000000000000000000000000000000000000000000000000000000000000000000000000
0000000000000000000000000000000000000000000000000000000000000010000011010000000001011010000
0000000000000000000000000000000000000000000000000000000000000010000011010000000001011110000
0000000000001000000000000000000000000000000000000000000000000010101011010000000000000000000
0000000000000000000000000000000000000000000000000000000000000100000011001000000000000000000
0000000000000000000001101000000000000000000000000000000000000000000000000000000000000000000
0000000000000000000000000100110101111101011010100000000000000010000011010000001001111010000
0000000000000111000000000000000000000000000000000000000000000010101011010000000000000000000
0000000000000000000000000100101000111101011010100000000000000010000011010000001000100000000
