0000000000000000000000111111100000000000000000000000000000000000000000000000000000000000000101111110100000100000000001000110100000000000000000000000000000000000000011000000000000000000000000001111110000011010000000000000001110001010000000000000000000
0000000000000000000000000000000000000000000000000000000000000000000000000000000000000000000000000000000000000000000000000000000000000000000000000000000000000000000000000000000000000000000000000000000000001010000000000000000000010001000000000000001000
0000000000000000000000000000000000000000000000000000000000000000000001011111110100000000000000000000000000111011001110110000011110000000000101010001010000000000000000000000000000000000000000000000000000001010000000000000000001000100000000000000000000
0000000000000000000000000000000000000000000000000000000000000000000001111010011000000000000000000000000000000000000000000000000000000000000001110011110001100100000000000000000000000000000000000000000000001010000000000010000000000000000000000000000000
0000000000000000000000000000000000000000000000000000000000000000000000000000000000000000000000000000000000000000000000000000000000000000000000000000000000000000000000000000000000000000000000000001011110001010000000000000000000000000000000000000000000
0000000000000000000000000000000000000000000000000000000000000000000000000000000000000000000000000000000000000000000000000000000000000000000000000000000000000000000000000000000000000000000000000000000000001100001000010000000000000000000000000000000000
0000000000000000001010111011001000000000000000000000000000000000000000000000000000000000000101101001110000100000000000000001100000000000000000000000000000000000000000000000000000000000000000001000000000001010000000000000000000000000000000000000000000
0000000000000000000000000000000000000000000000000000000000000000000000000000000000000000000000000000000000000000000000000000000000000000000000000000000000000000000000000000000000000000000000000000000000001010000000000000000000010001000000000000000001
0000000000000000000000000000000000000000000000000000000000000000000001000000000000000000000000000000000000101000000000000100001110000000100000000000000000000000000000000000000000000000000000000000100000001010000000000000000000010000000000000000000000
0000000000000000000000000000000000000000000000000000000000000000000000000000000000000000000000000000000000000000000000000000000000000000000000000000000000000000000000000000000000000000000000000000000000001100001000000100000000000000000000000000000000
1110111001011000100000000000000000000000000000000000000000000000000000000000000000000000000000000000000000000000000000000000000000000000000000000000000000000000000000000000000000000000000000000000000000001111010000000000000000000000000000000000000000
0000000000000000000000000000000000000000000000000000000000000000000000000000000000000000000000000000000000000000000000000000000000000000000000000000000000000000000000111011100000000000000000000000000000001110000000000000000100001010000000000000000000
0000000000000000001010000000000011111100000000000000000000000000000000000000000000000000000101101001110000100000000000000001100000000000000000000000000000000000000000000000000000000000000000001000000000001010000000000000000000000000000000000000000000
0000000000000000000101000000000000000000000000000000000000000000000000000000000000000000000000000000000000000000000000000000000000000000000000000000000000000000000000101011000001000000000000000000000000001100000000000000000000000000000000000000000000
0000000000000000000000000000000000000000000000111110000000000000000000000000000000000000000000000000000000000000000000000000000000000000000000000000000000000000011100000000000000000000000000000000000000001110000000000000000000010000000000000000000000
0000000000000000000000000000000011111010000000000000000000000000000000000000000000000000000101100000000000100000000000000000000000000000000000000000000000000000000000000000000000000000000000001000000000001010000000000000000000000000000000000000000000
0000000000000000000000000000000000000000000000000000000000000000000000000000000001111000110000000000000000000000000000000000000000000000000000000000000000000001100000000000000000000000000000000000000000000000000000000000000000000000000000000000000000
0000000000000000000000000000000000000000000000000000000000000000000000000000000000000000000000000000000000000000000000000000000000000000000000000000000000000000000000000000000000000000000000000000000000001010000000000000000000010001000100000000000000
0000000000000000000000000000000000000000111010000000000000000000000000000000000000000000000000000000000000000000000000000000000000000000000000000000000000000000000000000000000000000000000000000000000000001100000000000000000000000000000000000000000000
0000000000000000000000000000000000000000000000000000000000000000000000000000000000000000000000000000000000000000000000000000000000000000000000000000000000000000000000000000000000000000000000000000000000001010000000000000000001101101001000000000000000
1111111001111001000000000000000000000000000000000000000000000000000000000000000001111000000000000000000000000000000000000000000000000000000000000000000000000000000000000000000000000000000000000000000000001111010000000000000000000000000000000000000000
0000000000000000000000000000000000000000000000000000000000000000000000000000000000000000000000000000000000000000000000000000000000000000000000000000000000000000000000000000000000000000000000000000000000001010000000000000000100001011000000000001000000
0000000000000000000101000000000000000000000000000000000000000000000000000000000000000000000000000000000000000000000000000000000000000000000000000000000000000000000000101011000100000000000000000000000000001100000000000000000000000000000000000000000000
0000000000000000000000000000000000000000000000000000000000000000000000000000000000000000000000000000000000000000000000000000000000000000000000000000000000000000000000000000000000000000000000000000000000001010001000100000000000000000000000000000000000
0000000000000000000000000000000011111001000000000000000000000000000000000000000000000000000101101000000000100000000000000000000000000000000000000000000000000000000000000000000000000000000000001000000000001010000000000000000100001010000000000000000000
0000000000000000000000000000000000000000000000000000000011111100100000000000000000000000000000000000000000000000000000000000000000000000000000000000000000000000011100000000000000000000000000000000000000001110000000000000000000010000000000000000000000
1111011101111010000000000000000000000000000000000000000000000000000000000000000001110100000000000000000000000000000000000000000000000000000000000000000000000000000000000000000000000000000000000000000000001110000000000000000000000000000000000000000000
0000000000000000000000000000000000000000000000000000000000000000000000000000000000000000000000000000000000000000000000000000000000000000000000000000000000000000000000000000000000110111111011010000000000000000000000000000000000000000000000000000000000
0000000000000000000000000000000000000000000000000000000000000000000000000000000000000000000000000000000000000000000000000000000000000000000000000000000000000000000000000000000000000000000000000000000000001010000000000000000100011011000000010000000000
0000000000000000000000000000000000000000000000111100010000000000000000000000000000000000000000000000000000000000000000000000000000000000000000000000000000000000000000000000000000000000000000000000000000001100000000000000000000000000000000000000000000
0000000000000000000000000000000000000000000000000000000001111110000000000000000000000000000000000000000000000000000000000000000000000000000000000000000000000000011100000000000000000000000000000000000000001110000000000000000000010000000000000000000000
1111011011111100000000000000000000000000000000000000000000000000000000000000000001110010000000000000000000000000000000000000000000000000000000000000000000000000000000000000000000000000000000000000000000001110000000000000000000000000000000000000000000
0000000000000000000101000000000000000000000000000000000000000000000000000000000000000000000000000000000000000000000000000000000000000000000000000000000000000000000000101011001000000000000000000000000000001100000000000000000000000000000000000000000000
0000000000000000000000000000000000000000000000000000000000000000000000000000000000000000000101100000001101100000000000000000000000000000000000000000000000000000000000000000000000000000000000000000000000000000000000000000000000000000000000000000000000
0000000000000000000000000000000000000000000000000000000000000000000000000000000000000000000000000000000000000000000000000000000000000000000000000000000000000000000000000000000000000000000000000000000000001100111001000000000000000000000000000000000000
0000000000000000000100000000000000000000000000111100000100000000000000000000000000000000000000000000000000000000000000000000000000000000000000000000000000000000000000000000000000000000000000000000000000001100000000000000000000000000000000000000000000
0000000000000000000000000000000000000000000000000000000000000000000000000000000000000000000000000000000000000000000000000000000000000000000000000000000000000000000000000000000000000000000000000000011100101010000000000000000000000000000000000000000000
0000000000000000000000000000000000000000000000000000000000000000000000000000000000000000000000000000000000000000000000000000000000000000000000000000000000000000000000000000000000000000000000000000000000001010000000000000000000000101000000000000010000
0000000000000000000000000000000000000000000000111100001000000000000000000000000000000000000000000000000000000000000000000000000000000000000000000000000000000000000000000000000000000000000000000000000000001100000000000000000000000000000000000000000000
0000000000000000000000000000000000000000000000000000000000000000000001011111110100000000000000000000000000111010001100110000011110010000000001010001010000000000000000000000000000000000000000000000000000001010000000000000000001101100000000000000000000
0000000000000000000000111011000100000000000000000000000000000000000000000000000000000000000101100000000000100000000000000000000000000000000000000000000000000000000000000000000000000000000000001000000000001010000000000000000000000000000000000000000000
0000000000000000000000000000000000000000000000000000000001101100010000000000000000000000000000000000000000000000000000000000000000000000000000000000000000000000000000000000000000000000000000000000000000001100000000000000000000000000000000000000000000
0000000000000000000000000000000000000000000000000000000000000000000000000000000000000000000000000000000000000000000000000000000000000000000000000000000000000000000000000000000000000000000000000000000000001010000000000000000000000101000000000000100000
0000000000000000000000000000000000000000000000000000000000000000000001011010010000000000000000000000000000101010001100000000011110000000000011010001010000000000000000000000000000000000000000000000000000001010000000000000000001000100000000000000000000
0000000000000000000101000000000000000000000000000000000000000000000000000000000000000000000000000000000000000000000000000000000000000000000000000000000000000000000000101011000010000000000000000000000000001100000000000000000000000000000000000000000000
0000000000000000000000000000000000000000000000000000000000000000000000000000000000000000000000000000000000000000000000000000000000000000000000000000000000000000000000000000000000000000000000000000000000001010000000000000000100001011000000100000000000
0000000000000000000000000000000000000000000000111100100000000000000000000000000000000000000000000000000000000000000000000000000000000000000000000000000000000000011100000000000000000000000000000000000000001110000000000000000000010000000000000000000000
0000000000000000000000000000000000000000000000000000000000000000000001111010010000000000000000000000000000000000000000000000000000000000000001110011111111110000000000000000000000000000000000000000000000001010000000000010000000000000000000000000000000
0000000000000000000000000000000000000000000000000000000000000000000001111010010000000000000000000000000000000000000000000000000000000000000001011101010001100010000000000000000000000000000000000000000000000000000000000000000000000000000000000000000000
0000000000000000000000000000000000000000000000000000000001101100001000000000000000000000000000000000000000000000000000000000000000000000000000000000000000000000000000000000000000000000000000000000000000001100000000000000000000000000000000000000000000
0000000000000000000000000000000000000000000000000000000000000000000000000000000000000000000000000000000000000000000000000000000000000000000000000000000000000000000000000000000000000000000000000000000000001100101000001000000000000000000000000000000000
0000000000000000000000000000000000000000000000000000000000000000000001011111110100000000000000000000000000111110001100110000011110000010000001010001010000000000000000000000000000000000000000000000000000001010000000000000000001101100000000000000000000
0000000000000000000000000000000000000000000000000000000000000000000000000000000000000000000000000000000000000000000000000000000000000000000000000000000000000000000000000000000000000000000000000000000000001010000000000000000100001011000000001000000000
0000000000000000000100000000000000000000000000000000000001111100000010000000000000000000000000000000000000000000000000000000000000000000000000000000000000000000000000000000000000000000000000000000000000001100000000000000000000000000000000000000000000
0000000000000000000000000000000000000000000000000000000000000000000001000000000000000000000000000000000000101000000000000100001110000001000000000000000000000000000000000000000000000000000000000000100000001010000000000000000000010000000000000000000000
1111011001111000010000000000000000000000000000000000000000000000000000000000000001111010000000000000000000000000000000000000000000000000000000000000000000000000000000000000000000000000000000000000000000001110000000000000000000000000000000000000000000
0000000000000000000000000000000000000000000000000000000000000000000000000000000000000000000000000000000000000000000000000000000000000000000000000000000000000000000000000000000000000000000000000000000000001010000000000000000001101101010000000000000000
0000000000000000000000000000000000000000000000000000000000000000000000000000000000000000000000000000000000000000000000000000000000000000000000000000000000000000000000000000000000000000000000000000000000001100001010000000000000000000000000000000000000
0000000000000000000000000000000000000000000000000000000000000000000000000000000000000000000000000000000000000000000000000000000000000000000000000000000000000000000000000000000000000000000000000000000000001010000000000011100000000000000000000000000000
0000000000000000000000000000000000000000111001000000000000000000000000000000000000000000000000000000000000000000000000000000000000000000000000000000000000000000000000000000000000000000000000000000000000001100000000000000000000000000000000000000000000
0000000000000000000000000000000000000000000000000000000000000000000000000000000000000000000000000000000000000000000000000000000000000000000000000000000000000000000000100111010000000000000000000000000000000000000000000000000000000000000000000000000000
0000000000000000000000000000000000000000000000000000000000000000000001011110010100000000000000000000000000101110001100001000011111000000000001010001010000000000000000000000000000000000000000000000000000001010000000000000000001000100000000000000000000
0000000000000000000000111111010000000000000000000000000000000000000000000000000000000000000111111110100000101000000001000110100000000000000000000000000000000000000000000000000000000000000000001111110000001010000000000000000100001010000000000000000000
0000000000000000000000000000000000000000000000000000000000000000000001111010011000000000000000000000000000000000000000000000000000000000000001110011110001101000000000000000000000000000000000000000000000001010000000000010000000000000000000000000000000
0000000000000000000000000000000000000000000000000000000000000000000000000000000000000000000000000000000000000000000000000000000000000000000000000000000000000000000000000000000000000000000000000001011101001010000000000000000000000000000000000000000000
0000000000000000000000000000000000000000000000000000000001111101000000000000000000000000000000000000000000000000000000000000000000000000000000000000000000000000011100000000000000000000000000000000000000001110000000000000000000010000000000000000000000
0000000000000000000000000000000000000000000000000000000000000000000000000000000000000000000000000000000000000000000000000000000000000000000000000000000000000000000000000000000000000000000000000000000000001010000000000000000001000101000000000000000010
0000000000000000000000000000000000000000000000000000000000000000000000000000000000000000000000000000000000000000000000000000000000000000000000000000000000000000000000000000000000000000000000000000000000001010000000000011010000000000000000000000000000
0000000000000000000000000000000000000000000000000000000000000000000001000000000000000000000000000000000000101000010000000100001110100000000000000000000000000000000000000000000000000000000000000000100000001010000000000000000000010000000000000000000000
0000000000000000000000000000000000000000111100000000000000000000000000000000000000000000000000000000000000000000000000000000000000000000000000000000000000000000010100000000000000000000000000000000000000001100000000000000000000000000000000000000000000
0000000000000000000000000000000000000000000000000000000000000000000000000000000000000000000000000000000000000000000000000000000000000000000000000000000000000000000000000000000000000000000000000000000000001100111100000000000000000000000000000000000000
0000000000000000000000000000000000000000000000000000000000000000000000000000000000000000000000000000000000000000000000000000000000000000000000000000000000000000000000000000000000000000000000000000000000001010000000000000000100001011000000000010000000
0000000000000000000000000000000000000000000000000000000000000000000000000000000000000000000000000000000000000000000000000000000000000000000000000000000000000000000000000000000000000000000000000000000000001010000000000000000001000101100000000000000000
0000000000000000000000000000000000000000000000000000000000000000000000000000000011001011101000000000000000000000000000000000000000000000000000000000000000000000000000000000000000000000000000000000000000000000000000000000000000000000000000000000000000
0000000000000000000000000000000000000000000000000000000000000000000000000000000000000000000000000000000000000000000000000000000000000000000000000000000000000000000000000000000000000000000000000000000000001010000000000000000000001001000001000000000000
0000000000000000000000000000000000000000000000000000000000000000000001011111110100000000000000000000000000111011001100110000011110000100000001010001010000000000000000000000000000000000000000000000000000001010000000000000000001000100000000000000000000
0000000000000000000000000000000000000000000000000000000000000000000001011110010000000000000000000000000000101010001100000000011110000000010001010001010000000000000000000000000000000000000000000000000000001010000000000000000001000100000000000000000000
0000000000000000000000000000000000000000000000000000000000000000000000000000000000000000000000000000000000000000000000000000000000000000000000000000000000000000000000000000000000111011111111100000000000000000000000000000000000000000000000000000000000
0000000000000000000000000000000000000000000000000000000000000000000000000000000000000000000000000000000000000000000000000000000000000000000000000000000000000000000000000000000000000000000000000000000000001010000000000000000000101101000000000100000000
0000000000000000000000000000000000000000000000000000000000000000000000000000000000000000000000000000000000000000000000000000000000000000000000000000000000000000000000000000000000000000000000000000000000001010000000000000000000101101000010000000000000
0000000000000000000000000000000000000000000000111101000000000000000000000000000000000000000000000000000000000000000000000000000000000000000000000000000000000000011100000000000000000000000000000000000000001110000000000000000000010000000000000000000000
0000000000000000000000000000000000000000000000000000000000000000000000000000000000000000000000000000000000000000000000000000000000000000000000000000000000000000000000000000000000000000000000000000000000001010000000000000000000001011000000000000000100
0000000000000000000000000000000000000000000000000000000000000000000000000000000000000000000101101000001110100000000000000000000000000000000000000000000000000000000000000000000000000000000000000000000000000000000000000000000000000000000000000000000000
0000000000000000000000000000000000000000000000000000000000000000000001011111110100000000000000000000000000111010001110110000011110000000001001010001010000000000000000000000000000000000000000000000000000001010000000000000000001101100000000000000000000
0000000000000000000100000000000000000000000000000000000001111100000100000000000000000000000000000000000000000000000000000000000000000000000000000000000000000000000000000000000000000000000000000000000000001110000000000000000000010000000000000000000000
0000000000000000000000000000000000000000000000000000000000000000000001011111110100000000000000000000000000111010101100100000011110001000000001010001010000000000000000000000000000000000000000000000000000001010000000000000000001000100000000000000000000
