0111000100000000000000000000000000000000000000000000000000000000000000000000000000000000000000000000000000000000111100000000000000000000000000000000000000000000000000000000000000000000011111111111111111111111111111111111111111111000111000000000000000001111100000000000000000000000000000000000
0000000000000000000000000000000000000000000000000000000000000000011111111111000000000000000111100000000000000001100000000000000000000000000000000000000000000000000000000000000000000000000000000000000000000000000000000000000000000000000000000000000000000000000000000000000000000000000000000000
0000000000000000000000000000000000000000000000000000000000000000011111111111111110000000000000000000001110001111100000000000000000000000000000000000000000000000000000000000000000000000000000000000000000000000000000000000000000000000000000000000000000000000000000000000000000000000000000000000
0111000100000000000000000000000000000000000000000000000000000000000000000000000000000000000000000000000000000000111100000000000000000000000000000000000000000000000000000000000000000000011111111111111111111111111111111111111111111000111000000011111000000000000000000000000000000000000000000000
0000000000000000000000000000000000000000000000000000000000000000000000000000000000000000000000000000000000000000111100000000000000000000000000000000000000000000000000000000000000000000011111111111111111111111111111111111111111111100111111111100000000000000000000000000001111100000000000000000
0000000000000000000000000000000000000000000000011111111111110000000000000000000000000000000000000000000000000000000010011110000000000000000000000000000000000000000000000000000000000000000000000000000000000000000000000000000000000000000000000000000000000000000000000000000000000000000000000000
0000000000000000000000000000000000000000000000000000000000000000000000000000000000000000000000000000000000000000111100000000000000000000000000000000000000000000000000000000000000000000011111111111111111111111111111111111111111111100111111111100000000000000000000111100000000000000000000000000
0000000000000000000000000000000000000000000000000000000000000000000000000000000000000000000000000000000000000000111100000000000000000000000000000000000000000000000000000000000000000000011111111111111111111111111111111111111111111000111000000000000000000000000000000011110000000000000000000000
1000000001111111000000000000000000011111111111100000000000000000011100000000000000000000000000000000000000000001100000000000000000000000000000000000000000000000000000000000000000000000000000000000000000000000000000000000000000000000000000000000000000000000000000000000000000000000000000000000
1000000000000000111111111111111111100000000000000000000000000000011100000000000000000000000000000000000000000001100000000000000000000000000000000000000000000000000000000000000000000000000000000000000000000000000000000000000000000000000000000000000000000000000000000000000000000000000000000000
0000000000000000000000000000000000000000000000000000000000000000000000000000000000000000000000000000000000000000111100000000000000000000000000000000000000000000000000000000000000000000011111111111111111111111111111111111111111111000111000000000000000000000000000000000000000000000000000001111
0000000000000000000000000000000000000000000000000000000000000000000000000000000000000000000000000000000000000000000011100110011111100000000000000000000000000000000000000000000000000000000000000000000000000000000000000000000000000000000000000000000000000000000000000000000000000000000000000000
0111000100000000000000000000000000000000000000000000000000000000000000000000000000000000000000000000000000000000111100000000000000000000000000000000000000000000000000000000000000000000011111111111111111111111111111111111111111111000111000000000000111110000000000000000000000000000000000000000
0000111010000000000000000000000000000000000000000000000000000000000000000000000000000000000000000000000000000000111100000000000000000001110000000000000000000000000000000000000000000000011111111111111111111111111111111111111111111011111000000000000000000000000000000000000000000001111100000000
0000000000000000000000000000000000000000000000000000000000000000000000000000000000000000000000000000000000000000000011100110011000011110000000000000000000000000000000000000000000000000000000000000000000000000000000000000000000000000000000000000000000000000000000000000000000000000000000000000
0000000000000000000000000000000000000000000000000000000000000000011111111111000001111110000000000000001111111111100000000000000000000000000000000000000000000000000000000000000000000000000000000000000000000000000000000000000000000000000000000000000000000000000000000000000000000000000000000000
0000000000000000000000000000000000000000000000011111110000001111100000000000000000000000000000000000000000000000000010011110000000000000000000000000000000000000000000000000000000000000000000000000000000000000000000000000000000000000000000000000000000000000000000000000000000000000000000000000
0000000000000000000000000000000000000000000000000000000000000000011111111111000000000000000000011111111111111111100000000000000000000000000000000000000000000000000000000000000000000000000000000000000000000000000000000000000000000000000000000000000000000000000000000000000000000000000000000000
0000000000000000000000000000000000000000000000000000000000000000000000000000000000000000000000000000000000000000111100000000000000000000000000000000000000000000000000000000000000000000011111111111111111111111111111111111111111111100111111111100000000000000000000000000000000000000000011110000
0000000000000000000000000000000000000000000000000000000000000000000000000000000000000000000000000000000000000000110010000111100000000000001111111111111111111111111111111111111110000001100000000000000000000000000000000000000000000000000000000000000000000000000000000000000000000000000000000000
0000000000000000000000000000000000000000000000000000000000000000000000000000000000000000000000000000000000000000110011111111100000000000001111111111111111111111111111111111110001111111100000000000000000000000000000000000000000000000000000000000000000000000000000000000000000000000000000000000
0000000000000000000000000000000000000000000000000000000000000000000000000000000000000000000000000000000000000000111100000000000000000000000000000000000000000000000000000000000000000000011111111111111111111111111111111111111111111000111000000000000000000000000000000000000000011110000000000000
0000000000000000000000000000000000000000000000000000000000000000011111111111000000000001111000000000000000001111100000000000000000000000000000000000000000000000000000000000000000000000000000000000000000000000000000000000000000000000000000000000000000000000000000000000000000000000000000000000
0111000100000000000000000000000000000000000000000000000000000000000000000000000000000000000000000000000000000000111100000000000000000000000000000000000000000000000000000000000000000000011111111111111111111111111111111111111111111000111000000000000000000000011111000000000000000000000000000000
