0000000000000000000000000000000010001000000001110110010000000000010011101101010000000000000000000000100000110100000
1100000000000000010000000000111000010111000000000000000110000000000000000000000000000000000000011000100000110100000
0000000000000000000000000000000000000000000000000000000000000000000000000000000000000000000000000000010000101010000
0000000000000000000000000000000101010110000000000000000000000000000000000000000000000000000000011000100000110100000
0000000000000000000001111110000000000000111110000000000000000000000000000000000000000000000000000000100000110100000
0000000000000000000000000000000000000000000000000000000000000000000000000000000000000000000000000000001010101100000
0000000000000000000000000000000000000000000000000000000000000000000000000000000000000000000000000000100000110100000
0000000000000000000000000000000100110110000000000000000000000000000000000000000000000000000000011000100000110100000
0000000000000000000000000000000000000000000000000000000000000000000000000000000000000010100000011000101010110100000
0000000010100000010000000000000000000000000000000000000000000000000000000000000000000000000000000000100000110100000
0000000000000000000000000000000000000000000000000000000000000000000000000000000000000000000000000000001100110010000
0000000000000000000000000000000100110110000000000000000000000000000000000000000000000000000000011000100000110100000
0000000000000000000000000000000000000000000000000000000000000000000000000000000000000000000000000000100000110100000
0000000000000000000000000000000000000000000000000000000000000000000000000000000000000000000000000000011010110110000
0000000000000001100000000000000000000000000000000000000000000000000000000000000000000000000000000000101010110100000
0000000000000000000000000000000000000000000000000000000000000000000000000000000000000000000000000000000000000000000
0000000000000000000000000000000000000000000000000000000000000000000000000000000000000000000000000000101010110100000
0000000000000000001100000000000000000000000000000000000000000000000000000000000000000000000000000000000000000000000
0000000000001000000000000000000000000000000000000000000000000000000000000000000000000000000000000000001010110100000
0000000000000000000000000000000000000000000000000000000000000000000000000000000000000000000000000001000000110010000
0000000000000000000000000000000000000000000000000000000000000000000000000000000000000000000000000000010000110010000
0000000000000000000000000000000010011110000001110110010000000000010101101101010000000000000000011000100000110100000
0000000000000000010000000000000000000000000000000000000000000000000000000000000000000000000000000001000000110010000
1100000000000000010000000000111000010111000000000000001000000110000000000000000000000000000000011000100000110100000
0000000000000000000000000000000000000000000000000000000000000000000000000000000000000000000000000000001010101110000
0000000000000000000000000000000000000000000000000000000000000000000000000000000000000000000000000000001010101100000
0000000000000100000000000000000000000000000000000000000000000000000000000000000000000000000000000000101010110100000
0000000000000000000000000000000010001000000000000000000000000000000000000000000000000000000000000000100000110100000
0000000000000000000000000000000000000000000000000000000000000000000000000000000000000000000000000000010000110010000
0000000000000000000000000000000000000000000000000000000000000000000000000000000000000000000000011110100000110100000
0000000000000000000000000000000010011110000001110111100000000000010101101101010000000000000000011000100000110100000
0000000000000000000000000000000000000000000000000000000000000000000000000000000000000000000000000000010000101010000
0000000000000000000000000000000000000000000000000000000000000000000000000000000000000000000000011000100000110100000
0000000000000000000000000000000000000000000000000000000000000000000000000000000000000000000000000000101010110100000
0000000000000000000000000000000000000000000000000000000000000000000000000000000000000000000000000000001010101100000
0000000000000000000000000000000000000000000000000000000000000000000000000000000000000000000000000000100000110101111
0000000000000000000000000000000000000000000000000000000000000000000000001111011000000000000000000000100000110101111
0000000000000000000000000000000000000000000000000000000000000000000000000000000000000000010010000000000000000000000
0000000000000000000000000001100000010110000000000000000000000000000000000000000000000000000000011000100000110100000
0000000000000000000000000000000000000000000000000000000000000000000000000000000011111100000000000000100000110100000
0000000000000000000000000000000000000000000000000000000000000000000000000000000000000000010101100000000000000000000
0000000000000000000000000000000000000000111110000000000000000000000000000000000000000000000000000000100000110100000
0000000000000000000000000000000000000000000000000000000000000000000000000000000000000000000000000001000000110010000
0000000000000000000000000000000000000000000000000000000000000000000000000000000000000000000000000000001010101110000
0000000000010000000000000000000000000000000000000000000000000000000000000000000000000000000000000000101010110100000
0000000000000000000000000000000000000000000000000000000000000000000000000000000000000000001000000000000000000000000
0000000000000000000000000000000000000000000000000000000000000000000000000000000000000000000000000001000000110010000
1100000000000000010000000000111000010111000000000000000101010000000000000000000000000000000000011000100000110100000
1100000000000000010000000000111000010111000000000000000101101000000000000000000000000000000000011000100000110100000
0000000000000000011010000000000000000000000000000000000000000000000000000000000000000000000000000000000000000000000
0000000000000100000000000000000000000000000000000000000000000000000000000000000000000000000000000000101010110100000
0000000000000011100000000000000000000000000000000000000000000000000000000000000000000000000000000000101010110100000
0000000000000000000000000000100000000000000000000000000000000000000000000000000000000000000000000000000000000000000
0000000000000000000000000000000010001000000001110110010000000000001000101101010000000000000000000000100000110100000
1100000000000000010000000000111000010111000000000000000101101000000000000000000000000000000000011000100000110100000
0000000000000000000000000000000000000000000000000000000000000000000000001111011100000000000000000000100000110101111
0000000000000000000000000000000000000000000000000000000000000000000000000000000000000000000000000001000000110010000
0000000000000000000000000000000000000000000000000000000000000000000000000000000000000000000000011000100000110100000
1010000000000000010000000000000000000000000000000000000000000000000000000000000000000000000000000000100000110100000
0000000000000000000000000000000000000000000000000000000000000000000000000000000000000000000000000000001100101010000
0000000000000000000000000000000000000000000000000000000000000000000000000000000000000000000000000000001011101100000
0000000000000000000000000000000000000000000000000000000000000000000000000000000000000000000000000000010000110010000
0000000000000100000000000000000000000000000000000000000000000000000000000000000000000000000000000000101010110100000
0000000000000000010000000000000000000000000000000000000000000000000000000000000000000000000000000001000000110010000
0000000000000000000000000000000000000000000000000000000000000000000000000000000000000000000000000000000000000000000
0000000000000000000000000000000000000000000000000000000000000000000000000000000010111100000000000000100000110100000
0000000000000000000000000000000000000000000000000000000000000000000000000000000000000000000000000000101010110100000
0000000000000000000000000000000000000000000000000000000000000000000000000000000000000000000000011000100000110100000
0000000000000000000000000000000000000000000000000000000000000000000000000000000000000000000000000001000000101010000
0000000000000001100000000000000000000000000000000000000000000000000000000000000000000000000000000000101010110100000
0000000000000001100000000000000000000000000000000000000000000000000000000000000000000000000000000000101010110100000
0001111111000000010000000000000000000000000000000000000000000000000000000000000000000000000000011000100000110100000
0000000000000000000000000000000000000000000000000000000000000000000000000000000000000000000000000000101010110100000
0000000000000000000000000000000000000000000000000000000000000000000000000000000000000000000000000000001100110010000
0000000000000000000000000000000000000000000000000000000000000000000000000000000000000000000000000000001110110110000
0000000000000000000000000000000000000000000000000000000000000000000000000000000000000000000000000000001010101110000
0000000000000000000000000000100000010110000000000000000000000000000000000000000000000000000000011000100000110100000
1100000000000000010000000000111000010111000000000000001000000101100000000000000000000000000000011000100000110100000
0000000000000000000000000000000000000000000000000000000000000000000000000000000000000000000000000000001100110010000
0000000000000000000000000000000010001000000001111010000000000000000000101101010000000000000000000000100000110100000
0000000000000000000000000000000000000000000000000000000000000000000000000000000000000000000000000000001100110010000
0000000000000000000000000000000000000000000000000000000000000000000000001111010000000000000000000000000000000000000
0000000000000000000000000000000000000000000000000000000000000000000000011111111000000000000000000000100000110101111
0000000000000010000000000000000000000000000000000000000000000000000000000000000000000000000000000000001010110100000
0000000000000000000001110110000000000001111110000000000000000000000000000000000000000000000000000000100000110100000
0000000000000000000000000000000000000000000000000000000000000000000000000000000000000000000000000001101010110110000
0000000000000000000000000000000000000000000000000000000000000000000000000000000000000000000000000000001100101010000
0000000000000000000000000000000000000000000000000000000000000000000000000000000000000000000000000000010000110010000
0000000000000000000000000000000000000000000000000000000000000000000000000000000000000001000000000000000000000000000
0000000000000000000000000000000000000000000000000000000000000000000000000000000000000000000000000000000000000000000
0000000000000000000000000000000010001000000001111011000000000000000000101101010000000000000000000000100000110100000
1100000000000000010000000000111000010111000000000000000101101000000000000000000000000000000000011000100000110100000
0000000000000001100000000000000000000000000000000000000000000000000000000000000000000000000000000000101010110100000
0000000000000000000000000000000010001000000001110110010000000000010011101101010000000000000000000000100000110100000
0000000000000000000000000000000000000000000000000000000000000000000000000000000000000000000000000000100000110100000
0000000000000000000000000000000010001000000001111010000000000000000000101101010000000000000000000000100000110100000
0000000000000000000000000000000000000000000000000000000000000000000000000000000000000000000000000000000000000000000
0000000000000000000000000000000010011110000001110110010000000000010101101101010000000000000000011000100000110100000
0000000000000000000000000000000000000000000000000000000000000000000000000000000000000000000000000000001010101100000
