0000000000000000000000000000000000000000000000000000000000000000000000000001011111110100000000000000001000010010011000000000000001011101100111011100000111110000000000010010100010100000000000000000000000000000000000000000000000000000000000000000000000000000000000000000101000000000000000000000
0000000000000000000000111111001000000000000000000000000000000000000000000000000000000000000011110000001111011101101100100000000010110000000000100001101000000000000000000100000000000000000000000000000001100000000000000000000000000000000000000000111111000001101000000001101000000000000000000000
0000000000000000000000000000000000000000000000000000000000000000000000000000000000000000000000000000000000000000000000000000000000000000000000000000000000000000000000000000000000000000000000000000000000000000000000000000000000000000000000000000000000000000000000000000110000100000000001000000
0000000000000000000000000000000000000000000000000000000000000000000000000000000000000000000000000000001100010010011000011010000000000000000000000000000000000000000000000000000000000000000000000000000000000000000000000000000000000000000000000000000000000000101000000000101000000000000000000000
0000000000000000000000000000000000000000000000000000000000000000000000000001000000000000000000000000001000110011100010000000000000010100000000000001000001110000000100000000000000000000000000000000000000000000000000000000000000000000000000000000000000000000010000000000101000000000000000000000
0000000000000000000000000000000000000000000000000000000000000000000000000000000000000000000000000000000000000000000000000000000000000000000000000000000000000000000000000000000000000000000000000000000000000000000000000000000000000000000000000000000000000000000000000000110011100010000000000000
0000000000000000000000000000000000000000000000000000000000000000000000000000000000000000000000000000000000000000000000000000000000000000000000000000000000000000000000000000000000000000000000010000110000000000000000000000000000000000000000000000000000000000000000000000101000000000000000000000
0000000000000000000000000000000000000000000000000000000000000000000000000001000000000000000000000000001100010010011000000000000000010100001000000100000001110000000001000000000000000000000000000000000000000000000000000000000000000000000000000000000000000000101000000000101000000000000000000000
0000000000000000000000000000000000000000000000000000000000000000000000000000000000000000000000000000000000000000000000000000000000000000000000000000000000000000000000000000000000000000000000000000000000011111111110111000000000000000000000000000000000000000101000000000111000000000000000000000
0000000000000000001010000000000000000111111000000000000000000000000000000000000000000000000011110100000000010000000000000000000000010000000000000000011000000000000000000000000000000000000000000000000000000000000000000000000000000000000000000000100000000000000000000000101000000000000000000000
0000000000000000000000000000000000000000000001110100000000000000000000000000000000000000000000000000000000000000000000000000000000000000000000000000000000000000000000000000000000000000000000000000000000000000000000000000000000000000000000000000000000000000000000000000110000000000000000000000
0000000000000000000000000000000000000000000000000000000000000000000000000000000000000000000000000000001100010010011000011001000000000000000000000000000000000000000000000000000000000000000000000000000000000000000000000000000000000000000000000000000000000000101000000000101000000000000000000000
0000000000000000000000000000000000000000000000000000000000000000000000000000000000000000000000000000000000000000000000000000000000000000000000000000000000000000000000000000000000000000000000110001100100000000000000000000000000000000000000000000000000000000000000000000101000000000000000000000
0000000000000000000101000000000000000000000000000000000000000000000000000000000000000000000000000000000000000000000000000000000000000000000000000000000000000000000000000000000000000000000000000000000000000000010010110001000000000000000000000000000000000000000000000000110000000000000000000000
0000000000000000000000000000000000000000000000000000000000000111111100000000000000000000000000000000000000000000000000000000000000000000000000000000000000000000000000000000000000000000000000010110000000000000000000000000000000000000000000000000000000000000010000000000111000000000000000000000
0000000000000000000000000000000000000000000000000000000000000000000000000000000000000000000000000000000000000000000000000000000000000000000000000000000000000000000000000000000000000000000000000000000000000000000000000000000000000011011111101101000000000000000000000000000000000000000000000000
1111011011111100000000000000000000000000000000000000000000000000000000000000000000000011100100000000000000000000000000000000000000000000000000000000000000000000000000000000000000000000000011000000000000000000000000000000000000000000000000000000000000000000000000000000111000000000000000000000
0000000000000000000000000000000000000000000000000000000000000000000000000000000000000000000011100011010000010000000000000000000000010000000000000000000000000000000000000000000000000000000000000000000000000000000000000000000000000000000000000000000000000000000000000000000000000000000000000000
0000000000000000000100000000000000000000000000000001111000001000000000000000000000000000000000000000000000000000000000000000000000000000000000000000000000000000000000000000000000000000000000000000000000000000000000000000000000000000000000000000000000000000000000000000110000000000000000000000
0000000000000000000000000000000000000000000000000000000000000000000000000000000000000000000000000000000000000000000000000000000000000000000000000000000000000000000000000000000000000000000000000000000000000000000000000000000000000000000000000000000000000000001100000010101000000000000000000000
0000000000000000000000000000000000000000000000000001111000010000000000000000000000000000000000000000000000000000000000000000000000000000000000000000000000000000000000000000000000000000000000000000000000000000000000000000000000000000000000000000000000000000000000000000110000000000000000000000
0000000000000000000000000000000000000000000000000000000000000000000000000001011111110100000000000000001100010010011000000000000001011101000110011100000111110010000000000010100010100000000000000000000000000000000000000000000000000000000000000000000000000000101000000000101000000000000000000000
0000000000000000000000111011000000001000000000000000000000000000000000000000000000000000000011100000000000010000000000000000000000010000000000000000000000000000000000000000000000000000000000000000000000000000000000000000000000000000000000000000111111000000000000000000101000000000000000000000
0000000000000000000000111111100000000000000000000000000000000000000000000000000000000000000011110000001111011101101100100000000000010000000000100001101000000000000000000000000000000000000000000000000000000000000000000000000000000000000000000000111111000000101000000000101000000000000000000000
0000000000000000000000000000000000000000000000000000000000000000000000000000000000000000000000000000000000000000000000000000000000000000000000000000000000000000000000000000000000000000000000000000000000000000000000000000000000000000000000000000000000000000000000000000110011100000010000000000
0000000000000000000000000000000000000000000000000000000000000000000000000000000000000000000000000000000000000000000000000000000000000000000000000000000000000000000000000000000000000000000000000000000000000000000000000000000000000000000000000000000000000000000000000000110011100100000000000000
0000000000000000000000000000000000000000000000000001111001000000000000000000000000000000000000000000000000000000000000000000000000000000000000000000000000000000000000000000000000000000000000010110000000000000000000000000000000000000000000000000000000000000010000000000111000000000000000000000
0000000000000000000000000000000000000000000000000000000000000000000000000000000000000000000000000000000000010000011000011100000000000000000000000000000000000000000000000000000000000000000000000000000000000000000000000000000000000000000000000000000000000000000000000000101000000000000000000000
0000000000000000000000000000000000000000000000000000000000000011011000001000000000000000000000000000000000000000000000000000000000000000000000000000000000000000000000000000000000000000000000000000000000000000000000000000000000000000000000000000000000000000000000000000110000000000000000000000
0000000000000000000000000000000000000000000000000000000000000000000000000000000000000000000000000000000000000000000000000000000000000000000000000000000000000000000000000000000000000000000000000000000000000000000000000000000000000000000000000000000000000000101100010000101000000000000000000000
0000000000000000000000000000000000000000000000000000000000000000000000000001011111110100000000000000001100010010011000000000000001011111000110011100000111110000010000000010100010100000000000000000000000000000000000000000000000000000000000000000000000000000101000000000101000000000000000000000
0000000000000000000000000000000000000000000000000000000000000000000000000000000000000000000000000000000000000000000000000000000000000000000000000000000000000000000000000000000000000000000000000000000000000000000000000000000000000000000000000000000000000000000000000000110010100000000000100000
0000000000000000000000000000000000000000000000000000000000000000000000000000000000000000000000000000000000000000000000000000000000000000000000000000000000000000000000000000000000000000000000000000000000000000000000000000000000000000000000000000000000000000101100001000101000000000000000000000
1111011001111000010000000000000000000000000000000000000000000000000000000000000000000011110100000000000000000000000000000000000000000000000000000000000000000000000000000000000000000000000000000000000000000000000000000000000000000000000000000000000000000000000000000000111000000000000000000000
0000000000000000000000000000000000000000000000000000000000000000000000000000000000000000000000000000000000000000000000000000000000000000000000000000000000000000000000000000000000000000000000000000000000000000000000000000000000000000000000000000000000000000000000000000110011100001000000000000
0000000000000000000000000000000000000000000000000000000000000000000000000000000000000000000000000000000000000000000000000000000000000000000000000000000000000000000000000000000000000000000000000000000000000000000000000000000000000000000000000000000000000000000000000000101000000000000000001110
0000000000000000000000000000000000000000000000000000000000000000000000000001111010011000000000000000000000000000000000000000000000000000000000000000000000000000000000000011100111100011010000000000000000000000000000000000000000000000000000000000000000000000000000000000101000000000000000001000
0000000000000000000000000000000000000000000000000000000000000000000000000000000000000000000000000000000000000000000000000000000000000000000000000000000000000000000000000000000000000000000000000000000000000000000000000000000000000000000000000000000000111000000000000000000000000000000000000000
0000000000000000000000000000000000000000000000000000000000000000000000000000000000000000000000000000001111011010001000111000001000000000000000000000000000000000000000000000000000000000000000000000000000000000000000000000000000000000000000000000000000000000101000000000101000000000000000000000
0000000000000000000000000000000000000000000000000000000000000000000000000000000000000000000000000000000000000000000000000000000000000000000000000000000000000000000000000000000000000000000000111000100010000000000000000000000000000000000000000000000000000000000000000000101000000000000000000000
0000000000000000000000000000000000000000000000000000000000000000000000000000000000000000000000000000000000000000000000000000000000000000000000000000000000000000000000000000000000000000000000000000000000000000000000000000000000000000000000000000000000110010000000000000000000000000000000000000
0000000000000000000000000000000000000000000000000000000000000000000000000001000000000000000000000000001000010011100001000000000000010100001000000001000001110100000000000000000000000000000000000000000000000000000000000000000000000000000000000000000000000000010000000000101000000000000000000000
0000000000000000000000000000000000000000000000000000000000000000000000000000000000000000000000000000000000000000000000000000000000000000000000000000000000000000000000000000000000000000000000000000000000000000000000000000000000000000000000000000000000000000000000000000101000000000000000001101
0000000000000000000000000000000000000000000000000000000000000000000000000000000000000000000000000000000000000000000000000000000000000000000000000000000000000000000000000000000000000000000000000000000000000000000000000000000000000000000000000000000000000000000000000000110011100000100000000000
0000000000000000000000000000000000000000000001111000000000000000000000000000000000000000000000000000000000000000000000000000000000000000000000000000000000000000000000000000000000000000000000010010000000000000000000000000000000000000000000000000000000000000000000000000111000000000000000000000
0000000000000000000000000000000000000000000000000000000000000000000000000000000000000000000000000000000000000000000000000000000000000000000000000000000000000000000000000000000000000000000000000000000000000000000000000000000000000000000000000000000000110100000000000000000000000000000000000000
0000000000000000000000000000000000000000000000000000000000000000000000000000000000000000000000000000000000000000000000000000000000000000000000000000000000000000000000000000000000000000000000000000000000000000000000000000000000000000000000000000000000000000010100000100101000000000000000000000
0000000000000000000000111111000100000000000000000000000000000000000000000000000000000000000011110000001111011101101100100000000000010000000000100001101000000000000000000000000000000000000000000000000000000000000000000000000000000000000000000000111111000000101000000000101000000000000000000000
0000000000000000000000111111000001000000000000000000000000000000000000000000000000000000000011110000001111011101101100100000000000010000000000100001101000000000000000000000000000000000000000000000000000000000000000000000000000000000000000000000111111000000101000000000101000000000000000000000
0000000000000000000000000000000000000000000000000000000000000000000000000000000000000000000011110011100000010000000000000000000000010000000000000000000000000000000000000000000000000000000000000000000000000000000000000000000000000000000000000000000000000000000000000000000000000000000000000000
0000000000000000000000000000000000000000000000000001111010000000000000000000000000000000000000000000000000000000000000000000000000000000000000000000000000000000000000000000000000000000000000010110000000000000000000000000000000000000000000000000000000000000010000000000111000000000000000000000
0000000000000000000100000000000000000000000000000000000000000011111000000100000000000000000000000000000000000000000000000000000000000000000000000000000000000000000000000000000000000000000000000000000000000000000000000000000000000000000000000000000000000000010000000000111000000000000000000000
0000000000000000000000000000000000000000000000000000000000000000000000000000000000000000000000000000001011011010000000111000100000000000000000000000000000000000000000000000000000000000000000000000000000000000000000000000000000000000000000000000000000000000000000000000000000000000000000000000
0000000000000000000000000000000000000000000000000000000000000000000000000001011111110100000000000000001000010010011000000000000001011101010110010100000111110001000000000010100010100000000000000000000000000000000000000000000000000000000000000000000000000000000000000000101000000000000000000000
0000000000000000000000111111000010000000000000000000000000000000000000000000000000000000000011110000001111011101101100100000000000010000000000100001101000000000000000000000000000000000000000000000000000000000000000000000000000000000000000000000111111000000101000000000101000000000000000000000
0000000000000000000000000000000000000000000000000000000000000000000000000001111010011000000000000000000000000000000000000000000000000000000000000000000000000000000000000011100111100011001000000000000000000000000000000000000000000000000000000000000000000000000000000000101000000000000000001000
0000000000000000000000000000000000000000000000000000000000000000000000000000000000000000000000000000000000010000010000011000000100000000000000000000000000000000000000000000000000000000000000000000000000000000000000000000000000000000000000000000000000000000000000000000101000000000000000000000
0000000000000000000000000000000000000000000000000000000000000000000000000000000000000000000000000000000000000000000000000000000000000000000000000000000000000000000000000000000000000000000000000000000000000000000000000000000000000000000000000000000000000000101101000000101000000000000000000000
0000000000000000001010111011000000010000000000000000000000000000000000000000000000000000000011110100000000010000000000000000000000010000000000000000011000000000000000000000000000000000000000000000000000000000000000000000000000000000000000000000111111000000000000000000101000000000000000000000
0000000000000000000000000000000000000000000000000000000000000000000000000000000000000000000000000000000000000000000000000000000000000000000000000000000000000000000000000000000000000000000000000000000000000000000000000000000000000000000000000000000000000000000000000000110000100000000000010000
0000000000000000000000000000000000000000000000000000000000000000000000000000000000000000000000000000000000000000000000000000000000000000000000000000000000000000000000000000000000000000000000000000000000000000000000000000000000000000000000000000000000000000000000000000110100101000000000000000
0000000000000000000101000000000000000000000000000000000000000000000000000000000000000000000000000000000000000000000000000000000000000000000000000000000000000000000000000000000000000000000000000000000000000000010010110000010000000000000000000000000000000000000000000000110000000000000000000000
0000000000000000000000000000000000000000000000000001111100000000000000000000000000000000000000000000000000000000000000000000000000000000000000000000000000000000000000000000000000000000000000010110000000000000000000000000000000000000000000000000000000000000010000000000111000000000000000000000
0000000000000000000000000000000000000111110100000000000000000000000000000000000000000000000011100000000000010000000000000000000000010000000000000000000000000000000000000000000000000000000000000000000000000000000000000000000000000000000000000000100000000000000000000000101000000000000000000000
0000000000000000000000000000000000000000000000000000000000000000000000000000000000000000000000000000000000000000000000000000000000000000000000000000000000000000000000000000000000000000000000000000000000000000000000000000001001110100000000000000000000000000000000000000000000000000000000000000
0000000000000000000000000000000000000000000000000000000000000000000000000000000000000000000000000000000000000000000000000000000000000000000000000000000000000000000000000000000000000000000000011000101000000000000000000000000000000000000000000000000000000000000000000000101000000000000000000000
1111111001111001000000000000000000000000000000000000000000000000000000000000000000000011110000000000000000000000000000000000000000000000000000000000000000000000000000000000000000000000000000000000000000000000000000000000000000000000000000000000000000000000000000000000111000000000000000000000
0000000000000000000000000000000000000000000000000000000000000000000000000000000000000000000000000000000000000000000000000000000000000000000000000000000000000000000000000000000000000000000000000000000000000000000000000000000000000000000000000000000000000000111100100000101000000000000000000000
0000000000000000000000000000000000000000000000000000000000000000000000000000000000000000000000000000000000000000000000000000000000000000000000000000000000000000000000000000000000000000000000000000000000000000000000000000000000000000000000000000000000000000000000000000101000100000000010000000
0000000000000000000000000000000000000000000000000000000000000011111000100000000000000000000000000000000000000000000000000000000000000000000000000000000000000000000000000000000000000000000000010110000000000000000000000000000000000000000000000000000000000000010000000000111000000000000000000000
0000000000000000000000000000000000000000000000000000000000000011111001000000000000000000000000000000000000000000000000000000000000000000000000000000000000000000000000000000000000000000000000010110000000000000000000000000000000000000000000000000000000000000010000000000111000000000000000000000
0000000000000000000000000000000000000111110010000000000000000000000000000000000000000000000011111000000000010000000000000000000000010000000000000000000000000000000000000000000000000000000000000000000000000000000000000000000000000000000000000000100000000000101000000000101000000000000000000000
1111011101111010000000000000000000000000000000000000000000000000000000000000000000000011101000000000000000000000000000000000000000000000000000000000000000000000000000000000000000000000000000000000000000000000000000000000000000000000000000000000000000000000000000000000111000000000000000000000
0000000000000000000000000000000000000000000000000001111000100000000000000000000000000000000000000000000000000000000000000000000000000000000000000000000000000000000000000000000000000000000000000000000000000000000000000000000000000000000000000000000000000000000000000000110000000000000000000000
0000000000000000000101000000000000000000000000000000000000000000000000000000000000000000000000000000000000000000000000000000000000000000000000000000000000000000000000000000000000000000000000000000000000000000010010110010000000000000000000000000000000000000000000000000110000000000000000000000
0000000000000000000000000000000000000000000000000000000000000000000000000000000000000000000000000000000000000000000000000000000000000000000000000000000000000000000000000000000000000000000000000000000000000000000000000000000000000000000000000000000000000000000000000000110011100000000100000000
0000000000000000000000000000000000000000000000000000000000000000000000000000000000000000000000000000001111011010001000111000010000000000000000000000000000000000000000000000000000000000000000000000000000000000000000000000000000000000000000000000000000000000101000000000101000000000000000000000
0000000000000000000000111111010000000000000000000000000000000000000000000000000000000000000011110000001111011101101100100000000000010000000000100001101000000000000000000000000000000000000000000000000000000000000000000000000000000000000000000000111111000000101000000000101000000000000000000000
0000000000000000000000000000000000000000000000000000000000000011011000010000000000000000000000000000000000000000000000000000000000000000000000000000000000000000000000000000000000000000000000000000000000000000000000000000000000000000000000000000000000000000000000000000110000000000000000000000
0000000000000000000000000000000000000000000000000000000000000000000000000001011010010000000000000000001000010010011000000000000001010101000110000100000111110000000000001010100010100000000000000000000000000000000000000000000000000000000000000000000000000000000000000000101000000000000000000000
0000000000000000000101000000000000000000000000000000000000000000000000000000000000000000000000000000000000000000000000000000000000000000000000000000000000000000000000000000000000000000000000000000000000000000010010110000100000000000000000000000000000000000000000000000110000000000000000000000
0000000000000000000000000000000000000000000000000000000000000000000000000001111010010000000000000000000000000000000000000000000000000000000000000000000000000000000000000010111010100011000100000000000000000000000000000000000000000000000000000000000000000000000000000000000000000000000000000000
0000000000000000000000000000000000000000000000000000000000000000000000000001111010010000000000000000000000000000000000000000000000000000000000000000000000000000000000000011100111111111100000000000000000000000000000000000000000000000000000000000000000000000000000000000101000000000000000001000
0000000000000000000100000000000000000000000000000000000000000011111000000010000000000000000000000000000000000000000000000000000000000000000000000000000000000000000000000000000000000000000000000000000000000000000000000000000000000000000000000000000000000000000000000000110000000000000000000000
0000000000000000000000000000000000000000000000000000000000000000000000000001000000000000000000000000001000110011100011000000000000010100000000000001000001110000001000000000000000000000000000000000000000000000000000000000000000000000000000000000000000000000010000000000101000000000000000000000
1110111001011000100000000000000000000000000000000000000000000000000000000000000000000000000000000000000000000000000000000000000000000000000000000000000000000000000000000000000000000000000000000000000000000000000000000000000000000000000000000000000000000000000000000000111000000000000000000000
0000000000000000000000000000000000000000000000000000000000000000000000000000000000000000000000000000000000000000000000000000000000000000000000000000000000000000000000000000000000000000000000000000000000000000000000000000000000000000000000000000000000000000000000000000110000100000001000000000
0000000000000000000000000000000000000000000001110010000000000000000000000000000000000000000000000000000000000000000000000000000000000000000000000000000000000000000000000000000000000000000000000000000000000000000000000000000000000000000000000000000000000000000000000000110000000000000000000000
0000000000000000000000000000000000000000000000000000000000000000000000000000000000000000000000000000000000000000000000000000000000000000000000000000000000000000000000000000000000000000000000000000000000000101000000000000001110111000000000000000000000000000000000000000000000000000000000000000
0000000000000000000000000000000000000000000000000000000000000000000000000000000000000000000000000000000000000000000000000000000000000000000000000000000000000000000000000000000000000000000000000000000000000000010001110100000000000000000000000000000000000000000000000000000000000000000000000000
0000000000000000000000000000000000000000000000000000000000000000000000000001011110010100000000000000001000010010011000000000000001010111000110000110000111111000000000000010100010100000000000000000000000000000000000000000000000000000000000000000000000000000000000000000101000000000000000000000
0000000000000000000000111111000000100000000000000000000000000000000000000000000000000000000011110000001111011111101100100000000000010100000000100001101000000000000000000000000000000000000000000000000000000000000000000000000000000000000000000000111111000000101000000000101000000000000000000000
0000000000000000000000000000000000000000000000000000000000000011111010000000000000000000000000000000000000000000000000000000000000000000000000000000000000000000000000000000000000000000000000010110000000000000000000000000000000000000000000000000000000000000010000000000111000000000000000000000
0000000000000000000000000000000000000000000000000000000000000000000000000001011111110100000000000000001000010010011000000000000001011101100110011100000111110000100000000010100010100000000000000000000000000000000000000000000000000000000000000000000000000000000000000000101000000000000000000000
0000000000000000000000000000000000000000000000000000000000000000000000000000000000000000000000000000000000000000000000000000000000000000000000000000000000000000000000000000000000000000000000000000000000000000000000000000000000000000000000000000000000000000010110000000101000000000000000000000
0000000000000000000000000000000000000000000000000000000000000000000000000001011110010000000000000000001000010010011000000000000001010101000110000100000111110000000010000010100010100000000000000000000000000000000000000000000000000000000000000000000000000000000000000000101000000000000000000000
0000000000000000000000000000000000000000000000000000000000000000000000000000000000000000000000000000000000000000000000000000000000000000000000000000000000000000000000000000000000000000000000000000000000000000000000000000000000000011101111111110000000000000000000000000000000000000000000000000
0000000000000000000000000000000000000000000000000000000000000000000000000001011111110100000000000000001100010010011000000000000001011101000111011100000111110000000000100010100010100000000000000000000000000000000000000000000000000000000000000000000000000000101000000000101000000000000000000000
0000000000000000000000000000000000000000000000000000000000000000000000000000000000000000000000000000000000000000000000000000000000000000000000000000000000000000000000000000000000000000000000000000000000000000000000000000000000000000000000000000000000000000000000000000110011110000000000000000
