00000000000010100000000000001000000000000000000000000000000000000000000000000000000000000000000000000000000000000000000000000000
00000000000010100000000000000010000000000000000000000000000000000000000000000000000000000000000000000000000000000000000000000000
00000000000010100000000000000000010000000000000000000000000000000000000000000000000000000000000000000000000000000000000000000000
00000000000010100100000000000000000000000000000000000000000000000000000000000000000000000000000000000000000000000000000000000000
00000000000010100001000000000000000000000000000000000000000000000000000000000000000000000000000000000000000000000000000000000000
00000011000000000000000000000000000000000000000000000000000000000000000000000000000000010001000000000000000000001000111000010000
00000000000010110000000000000000000000000000000000000000000000000000000000000000000000000000000000000000000000000000000000000000
00000001000000000000000000000000000000000000001000000000000000000000000000001111000001111111111110101111111111111100001000010000
10101000000010000000000000000000000000000000000000000000000000000000000000000000000000000000000000000000000000000000000000000000
00000000000000000000000000000000000000000000000000000000000010000001000010000000000000000000000000000000000000000000000101100000
00000001100000000000000000000000000000000000001111100010000000000000000000000000000100000000000000000000000000000000001010010000
00000000000010101000000000000000000000000000000000000000000000000000000000000000000000000000000000000000000000000000000100000000
10000000000010100000000010000100000000000000000000000000000000000000000000000000000000000000000000000000000000000000000000000000
00000000000010100000000000000000000100000000000000000000000000000000000000000000000000000000000000000000000000000000000000000000
00000001000000000000000000000000000000111111100000000000000000000000000000001100111000000000000000000000000000000000001000010000
10100100000010000000000000000000000000000000000000000000000000000000000000000000000000000000000000000000000000000000000000000000
00000001000000000000000000000000000000000000011000000000000000000000000000001110000001111111101111110111011111011011001000010000
00000000010011000000000000000000000000000000000000000000000000000000000000000000000000000000000000000000000000000000000000000000
00000000000010100000000001000000000000000000000000000000000000000000000000000000000000000000000000000000000000000000000000000000
00000000000010100000010000000000000000000000000000000000000000000000000000000000000000000000000000000000000000000000000000000000
00000000000000000000000000000000000000000000000000000000000010000000101001010000000000000000000000000000000000000000000000100000
00000000000000000000000000000000000000000000000000000000000010000000010000100000000000000000000000000000000000000000000000100000
00000000000000000000000000000000000000000000000000000000011110010000000100000000000100000000000000000000000000000000000101100000
00000000000000000000000000000000000000000000000000000000011110100000000010000000000010000000000000000000000000000000000101100000
00000000000000000000000000000000000000000000000000000000000000000000000000000000000000000000000000000000000000000000000000001100
00000001100000000000000000000000000000000000001111010010000000000000000000000000000100000000000000000000000000000000001010010000
00000000000000000000000000000000000000000000000000000000000000000000000000000000000000000000000000000000000000000000000000001010
00000001100000000000000000000000000000000000001111000110000000000000000000000000000100000000000000000000000000000000001010010000
01110000001000000000000000000000000000000000000000000000000000000000000000000000000000000000000000000000000000000000000000000000
00000000000110100000000000010000000000000000000000000000000000000000000000000000000000000000000000000000000000000000000000000000
00000000000010100000100000000000000000000000000000000000000000000000000000000000000000000000000000000000000000000000000000000000
00000000000000000000000000000000000000000000000000000000011111000000000100000000000010000000000000000000000000000000000101100000
00000000000000000000000000000000000000000000000000000000011110000100000000000000000100000000000000000000000000000000000001100000
00000000000000000000000000000000000000000000000000000000000000000000000000000000000000000000000000000000000000000000001100001001
10000000000010100000000000000000001000000000000000000000000000000000000000000000000000000000000000000000000000000000000000000000
00000000000010100000001000000000000000000000000000000000000000000000000000000000000000000000000000000000000000000000000000000000
00000000000010100000000000000001000000000000000000000000000000000000000000000000000000000000000000000000000000000000000000000000
00000000000000000000000000000000000000000000000000000000111110001000000100000000000100000000000000000000000000000000000101100000
00000001000000000000000000000000000000000000001111001010000000000000000000000000000100000000000000000000000000000000001000010000
00000000000010100000000000000000000001000000000000000000000000000000000000000000000000000000000000000000000000000000000000000000
00000000000000000000000000000000000000000000000000000000000010000010000100000000000000000000000000000000000000000000000101100000
00000000000010100000000000000000100000000000000000000000000000000000000000000000000000000000000000000000000000000000000000000000
00000000000010100000000000100000000000000000000000000000000000000000000000000000000000000000000000000000000000000000000000000000
00000000000010100000000100000000000000000000000000000000000000000000000000000000000000000000000000000000000000000000000000000000
00000000000010100010000000000000000000000000000000000000000000000000000000000000000000000000000000000000000000000000000000000000
00000000000010100000000000000000000010000000000000000000000000000000000000000000000000000000000000000000000000000000000000000000
00000001100000000000000000000000000000000000001111000011000000000000000000000000000010000000000000000000000000000000001010010000
