11000000000000001010000010000000000000011010000001101000001011
00000000000000000000000000000000000000000100000001100100000000
00000000000000000000000111011001101010000000000000000000000000
00000000000000000000000000000000000000011010000001101000000000
00000000000000000000000000000001111011100010000001101011110000
00000000000000000000000000000000000000000001000001010100000000
10100000000000001000000010000000000000000010000001101000000000
00000000000000000000000000000000000000000000110001010100000000
00000000000000000000001011011001101010000010000001101000001011
00000000000000000000000000000000000000000000101001101000000000
00000101000000001000000010000000000000000010000001101000000000
00000000000000000000000000000000000000000001000001100100000000
00000000000000001000000010000000000000000100000001100100000000
00000000000101010000000000000000000000000000000000000000000000
00000000000000000000000000000000000000000001101001101100000000
00000000000000000000000000000000000000000010000001101000000000
00000000000000000000000000000000000000000100000001010100000000
00011110000000001000000010000000000000000010000001101000000000
00000000010000000000000000000000000000000010101001101000000000
00000000000000000000000000000000000000000000000000000000000000
00000000000000000000000000000000000000000000111001101100000000
00000000000000000100000010000000000000000000000000000000000000
00000000000000000000000000000000000000000000101111011100000000
00000000000000000000000000000000000000000100000001100100000000
00000000000000000000000000000000000000000100000001100100000000
00000000000000001000000010000000000000000100000001100100000000
00000000000000000000000000000000000000000000110001100100000000
00000000000000000000000000000000000000000010000001101000000100
00000000000000000000000011101001101010000000000000000000000000
00000000000000000000000000000000000000000000110001100100000000
00000000000000000000000000000001111010000000000000000000000000
00000000000000000000000000000011111111000010000001101011110000
00000000000000000000000000000000000000000001000001100100000000
00000000000000000000000000000000000000000001000001010100000000
00000000100000000000000000000000000000000000101001101000000000
00000000000000000011110010000000000000000000000000000000000000
00000000000000000000000000000000000000000000110001010100000000
00000000000000000000000000000000000000000010000001101011110000
00000000000000000000000000000000000000000000000000000000000000
00000000000000000000000011101101101010000000000000000000000000
00000000000000000000000000000001111011000010000001101011110000
00000000000000000000000000000000000000011010000001101000000000
00000000010000000000000000000000000000000010101001101000000000
00000000000000000000000000000000000000000010000001101000000000
00000000000000000000000000000000000000000100000001100100000000
00000000001010100000000000000000000000000000000000000000000000
00000000000000000000000000000000000000000000000000000000000000
00000000000000000000000000000000000000000010000001101000001011
00000000000000000000000000000000000000000100000001100100000000
00000000000000001000000010000000000000000000000000000000000000
00000000100000000000000000000000000000000000101001101000000000
