00001111111000000000000000000000000000000000000000000111100000111000000010110100000000000000000000000000000000000000000000000000000000111000001010000000000000111011000000000
00000000000000000000000000000000000000000000000000000000000000000000000000000000000000000000000000000000000000000000000000000000000000000000001010000000000000000100110000010
00000000000000000000000000000000010111111010000000000000000000001100111100000011110001010100001100000000000000000000000000000000000000000000000000000000000000000000000000000
00000000000000000000000000000000000000000000000000000000000000000000000000000000000000000000000000000000000000000000000000000000000000011111001010000000000000000000000000000
00000000000000000000000000000000011110101100000000000000000000000000000000000000000000011100111100011001000000000000000000000000000000000000001010000000001000000000000000000
00000000000000000000000000000000000000000000000000000000000000000000000000000000000000000000000000000000000000000000000000000000000000000000001100010001000000000000000000000
10101110110100000000000000000000000000000000000000000111110000001000000000001100000000000000000000000000000000000000000000000000000000100000001010000000000000000000000000000
00000000000000000000000000000000000000000000000000000000000000000000000000000000000000000000000000000000000000000000000000000000000000000000001100010000010000000000000000000
00000000000000000000000000000000010111111010000000000000000000001110101100000011110010010100001100000000000000000000000000000000000000000000001010000000000000011011000000000
00000000000000000000000000000000000000000000000000000000000000000000000000000000000000000000000000000000000011101110000000000000000000000000001100000000000000000000000000000
10100000000001011011100000000000000000000000000000000111110000001000000000001100000000000000000000000000000000000000000000000000000000100000001010000000000000000000000000000
01010000000000000000000000000000000000000000000000000000000000000000000000000000000000000000000000000000000010101100000100000000000000000000001100000000000000000000000000000
00000000000001011011010000000000000000000000000000000111000000001000000000000000000000000000000000000000000000000000000000000000000000100000001010000000000000000000000000000
00000000000000000000000000000000000000000001111111110000000000000000000000000000000000000000000000000000000000000000000000000000000000000000000000000000000000000000000000000
01010000000000000000000000000000000000000000000000000000000000000000000000000000000000000000000000000000000010101100010000000000000000000000001100000000000000000000000000000
00000000000000000000000000000000000000000000000000000000000000000000000000000000000000000000000000000000000000000000000000000000000000000000001010000000000000000010110010000
00000000000000000000000000000000000000000000000000000000000000000000000000000000000000000000000000000000000000000000000000000000000000000000001010010010000000000000000000000
00000000000001111111001000000000000000000000000000000111100000001000000000000000000000000000000000000000000000000000000000000000000000100000001010000000000000000010000000000
00000000000000000000000111101000000000000000000000000000000000000000000000000000000000000000000000000000011100000000000000000000000000000000001110000000000000000100000000000
00000000000000000000000000000000000000000000000000000000000000000000000000000000000000000000000000000000000000000000000011011111101101000000000000000000000000000000000000000
01010000000000000000000000000000000000000000000000000000000000000000000000000000000000000000000000000000000010101100100000000000000000000000001100000000000000000000000000000
00000000000000000000000000000000000000000000000000000111001101001000000000000000000000000000000000000000000000000000000000000000000000000000000000000000000000000000000000000
00000000000000000000000000000000000000000000000000000000000000000000000000000000000000000000000000000000000000000000000000000000000000000000001101110100000000000000000000000
00000000000000000000000000000000000000000000000000000000000000000000000000000000000000000000000000000000000000000000000000000000000000001110011010000000000000000000000000000
00000000000000000000000000000000000000000000000000000000000000000000000000000000000000000000000000000000000000000000000000000000000000000000001010000000000000001000110000100
00001110110010000000000000000000000000000000000000000111000000001000000000000000000000000000000000000000000000000000000000000000000000100000001010000000000000000000000000000
00000000000000000000000111100100000000000000000000000000000000000000000000000000000000000000000000000000000000000000000000000000000000000000001100000000000000000000000000000
00000000000000000000000000000000000000000000000000000000000000000000000000000000000000000000000000000000000000000000000000000000000000000000001010000000000000001000110001000
00000000000000000000000000000000010110101000000000000000000000001000101000000011110000110100001100000000000000000000000000000000000000000000000000000000000000000000000000000
01010000000000000000000000000000000000000000000000000000000000000000000000000000000000000000000000000000000010101100001000000000000000000000001100000000000000000000000000000
00000000000000000000000000000000011110101000000000000000000000000000000000000000000000010111001100011000100000000000000000000000000000000000000000000000000000000000000000000
00000000000000000000000000000000011110101000000000000000000000000000000000000000000000011100111111111100000000000000000000000000000000000000001010000000001000000000000000000
00000000000000000000000111100010000000000000000000000000000000000000000000000000000000000000000000000000000000000000000000000000000000000000001100000000000000000000000000000
00000000000000000000000000000000000000000000000000000000000000000000000000000000000000000000000000000000000000000000000000000000000000000000001101010000100000000000000000000
01000000000000000000000111100000100000000000000000000000000000000000000000000000000000000000000000000000000000000000000000000000000000000000001100000000000000000000000000000
00000000000000000000000000000000010000000000000000000000000000001000000000100001110100000000000000000000000000000000000000000000000000000000000000000000000000000000000000000
00000000000000000000000000000000000000000000000000000000000000000000000000000000000000000000000000000000000000000000000000000000000000000000001100011000000000000000000000000
00000000000000000000000000000000000000000000000000000000000000000000000000000000000000000000000000000000000000000000000000000000000000000000001010000000001110000000000000000
00000000000000000000000000000000000000000000000000000000000000000000000000000000000000000000000000000000000010011101000000000000000000000000000000000000000000000000000000000
00000000000000000000000000000000010111101010000000000000000000001001101001000011111000010100001100000000000000000000000000000000000000000000000000000000000000000000000000000
00000000000000000000000000000000011110101100000000000000000000000000000000000000000000011100111100011010000000000000000000000000000000000000001010000000001000000000000000000
00000000000000000000000000000000000000000000000000000000000000000000000000000000000000000000000000000000000000000000000000000000000000011110101010000000000000000000000000000
00000000000000000000000111110000000000000000000000000000000000000000000000000000000000000000000000000000011100000000000000000000000000000000001110000000000000000100000000000
00000000000000000000000000000000000000000000000000000000000000000000000000000000000000000000000000000000000000000000000000000000000000000000001010000000000000000100111000000
00000000000000000000000000000000000000000000000000000000000000000000000000000000000000000000000000000000000000000000000000000000000000000000001010000000001101000000000000000
00000000000000000000000000000000000000000001111000101000000000000000000000000000000000000000000000000000000000000000000000000000000000000000000000000000000000000000000000000
00000000000000000000000000000000000000000000000000000000000000000000000000000000000000000000000000000000000000000000000011101111111110000000000000000000000000000000000000000
00000000000000000000000000000000000000000000000000000000000000000000000000000000000000000000000000000000000000000000000000000000000000000000001010000000000000011011110100000
00000000000000000000000000000000000000000000000000000000000000000000000000000000000000000000000000000000000000000000000000000000000000000000001010000000000000000010110000001
00000000000000000000000000000000000000000000000000000111101110001000000000000000000000000000000000000000000000000000000000000000000000000000000000000000000000000000000000000
01000000000000000000000111100001000000000000000000000000000000000000000000000000000000000000000000000000000000000000000000000000000000000000001100000000000000000000000000000
