00000000000000000000010110000000000000000000000000000000000000000000000000000000000000000000000000000000000000000000000000000000000000000000000000000000
00000000000000000000011110000000000000000000000000000000000000000000000000000000000000000000000000000000000000000000000000000000000000000000000000000000
00000000000000000000100000000000000000000000000000000000000000000000000000000000000000000000000000000000000000000000000000000000000000000000000000000000
00000000000000000000010101000000000000000000000000000000000000000000000000000000000000000000000000000000000000000000000000000000000000000000000000000000
00000000000000101110100000110000001111100000000000000000000000000000000000000000000000000000000000000000000000000000000000000000000000000000000000000000
00000000000000000000100000000000000000000000000000000000000000000000000000000000000000000000000000000000000000000000000000000000000000000000000000000000
00001000000000000000000000000000000000000000000000000000000000000000000000000000000000000000000000010000000000000000000000000000000011101000000000000000
00000001101111000000000000000000000000000000000000000000000000000000000000000000000000000000000001001000000000000000000000000000000000000000001111010000
00000000000000000000010110000000000000000000000000000000000000000000000000000000000000000000000000000000000000000000000000000000000000000000000000000000
00000000000000000000000000000000000000000000000000000000000011001111111000000000000000000000000000000000000000000000000000000000000000000000000000000000
00000000000000101010100000110000000000011111000000000000000000000000000000000000000000000000000000000000000000000000000000000000000000000000000000000000
01110000000000000000000000000000000000000000000000000000000000000000000000000000000000000000000011101001111111011111111111110101100111101000000000100000
00000000000000000000000000000000000000000000000000000000000000000000000000000000000000000000000000000000000000000000000000000000000000000000000000000000
00000000000000000000000000000000000000000000000000000000000000000000000000000000000000000000000000000000000000000000000000000000000000000000001111000000
00000110000000000000000000000000000000000000000000000001111100000000000000000000000000000011011100000000000000000000000000000000000011111011000000000000
00000000000000001001100000110000000000000000000000000000000000000000000000000000000000000000000000000000000000000000000000000000000000000000000000000000
00000001110111000000000000000000000000000000000000000000000000000000000000000000000000000000000000000000000000000000000000000000000000000000001111010000
10000111101111000000000000000000000000000000000000000001111000000000000000000000000000000000000001101000000000000000000000000000000011111011000000000111
10000010000000100000100000000000000000000000000000000000000000000000000000000000000000000000000000000000000000000000000000000000000011111100111100000000
00000000000000110000100000111111110000000000000000000000000000000000000000000000000000000000000000000000000000000000000000000000000000000000000000000000
01110000000000000000000000000000000000000000111111111000000000000000000000000000000000000000000000000000000000000000000000000000000011101000000000000000
00000000000000000000100000000000000000000000000000000000000000000000000000000000000000000000000000000000000000000000000000000000000000000000000000000000
00000010000000000000111000000000000000000000000000000000000000000000000000000000000000000000000000000000000000000000000000000000000011111100110000001000
01110000000000000000000000000000000000000000111111111000000000000000000000000000000000000000000000000000000000000000000000000000000011101000000000000000
00000000000000000000000000000000000000000000000000000000000000000000000000000000000000000000000000000000000000000000000000000000000000000000000000000000
01110000000000000000000000000000000000000000000000000000000000111110000000000000000000000000000001101010000100111111000011111010011011101000000000000000
00000010000000000000111110000000000000000000000000000000000000000000000000000000000000000000000000000000000000000000000000000000000011111100110000000000
00000000000000000000100000000000000000000000000000000000000000000000000000000000000000000000000000000000000000000000000000000000000000000000000000000000
00000000000000000000010101000000000000000000000000000000000000000000000000000000000000000000000000000000000000000000000000000000000000000000000000000000
00000000000000000000000000000000000000000000000000000000000000000000000001111111111000000000000000000000000000000000000000000000000000000000000000000000
00000000000000000000000000000000000000000000000000000000000000000000000000000000000111111100000000000000000000000000000000000000000000000000000000000000
00000000000000000000000000000000000000000000000000000000000000000000000100000000000000000011011100000000000000000000000000000000000000000000001111010000
00000000000000000000000000000000000000000000000000000000000000000000000000000000000000000000000000000000000000000000000000000000000000000000001111010000
01110000000000000000000000000000000000000000000000000000000000000000000000000000000000000000000011101100000111011111111111110000100011101000000000100000
00000110000000000000000000000000000000000000000000000101111000000000000000000000000000000011101100000000000000000000000000000000000011111011000000010000
00000010000000000000111000000000000000000000000000000000000000000000000000000000000000000000000000000000000000000000000000000000000011111100110000001000
00000110000000000000000000000000000000000000000000000101111000000000000000000000000000000011101100000000000000000000000000000000000011111011000000010000
00000000000000000000000000000000000000000000000000000000000000000000000000000000000000000000000000000000000000000000000000000000000000000000000000000000
00000001101111000000000000000000000000000000000000000000000000000000000000000000000000000000000001001000000000000000000000000000000000000000001111010000
00000000000000000000010101000000000000000000000000000000000000000000000000000000000000000000000000000000000000000000000000000000000000000000000000000000
00000000000000000000010110000000000000000000000000000000000000000000000000000000000000000000000000000000000000000000000000000000000000000000000000000000
00000000000000000000000000000000000000000000000000000000000000000000000000000000000000000000000000000000000000000000000000000000000000000000001111010000
00000000000000000000000000000000000000000000000000000000000000000000000110000000000000000011011100000000000000000000000000000000000000000000000000010000
00000000000000000000000000000000000000000000000000000000000011001111111000000000000000000000000000000000000000000000000000000000000000000000000000000000
01110000000000000000000000000000000000000000000000000000000000000000000000000000000000000000000001101000000100011111000011110000011011101000000000000000
00000000000000000000000000000000000000000000000000000000000000000000000000000000000000000000000000000000000000000000000000000000000011111011001100000000
00000000000000000000100000000000000000000000000000000000000000000000000000000000000000000000000000000000000000000000000000000000000000000000000000000000
00000000000000000000100000000000000000000000000000000000000000000000000000000000000000000000000000000000000000000000000000000000000000000000000000000000
01110000000000000000000000000000000000000000000000000000000000000000000000000000000000000000000001101000000100011111000011110000011011101000000000000000
00000000000000000000011101000000000000000000000000000000000000000000000000000000000000000000000000000000000000000000000000000000000000000000000000000000
00000000000000000000000000000000000000000000000000000000000000000000000100000000000000000011011100000000000000000000000000000000000000000000001111010000
00000000000000000000000000000000000000000000000000000111111000000000000000000000000000000011101100000000000000000000000000000000000011111011000000010000
00000000000000000000100000000000000000000000000000000000000000000000000000000000000000000000000000000000000000000000000000000000000000000000000000000000
00000000000000000000000000000000000000000000000000000000000000000000000000000000000000000000000000000000000000000000000000000000000000000000001111000000
00000000000000100000100000000000000000000000000000000000000000000000000000000000000000000000000000000000000000000000000000000000000000000000000000000000
10000010000000000000111000000000000000000000000000000000000000000000000000000000000000000000000000000000000000000000000000000000000011111100110000000000
00000000000000000000010110000000000000000000000000000000000000000000000000000000000000000000000000000000000000000000000000000000000000000000000000000000
00000001110111000000000000000000000000000000000000000000000000000000000000000000000000000000000000000000000000000000000000000000000000000000001111010000
00000010000000000000111000000000000000000000000000000000000000111110000000000000000000000000000000000000000000000000000000000000000011111100110000000000
00000000000000000000100000000000000000000000000000000000000000000000000000000000000000000000000000000000000000000000000000000000000000000000000000000000
10000101110111000000000000000000000000000000000000000001111000000000000000000000000000000000000000000000000000000000000000000000000000000000000000000111
00000000000000000000010101000000000000000000000000000000000000000000000000000000000000000000000000000000000000000000000000000000000000000000000000000000
00000000000000000000100000000000000000000000000000000000000000000000000000000000000000000000000000000000000000000000000000000000000000000000000000000000
00000000000000000000000000000000000000000000000000000000000000000000000000000000000000000000000000010000000000000000000000000000000011101000000000000000
00000110000000000000000000000000000000000000000000000001111000000000000000000000000000000000000000000000000000000000000000000000000011111011000000000000
