000000111000000000010000000000000000000000000000000000000000000000000000000000000000000
000000111000000000000100000000000000000000000000000000000000000000000000000000000000000
000000111000000000001000000000000000000000000000000000000000000000000000000000000000000
000000111010000000000000000000000000000000000000000000000000000000000000000000000000000
111111000000000000000001111111111111111111111111111111111111111111000000111111111000000
000000111000100000000000000000000000000000000000000000000000000000000000000000000000000
000000111000000000100000000000000000000000000000000000000000000000000000000000000000000
000000111000000010000000000000000000000000000000000000000000000000000000000000000000000
000000111000000001000000000000000000000000000000000000000000000000000000000000000000000
000000111100000000000000000000000000000000000000000000000000000000000000000000000000000
000000111000010000000000000000000000000000000000000000000000000000000000000000000000000
000000000000000000000000000000000000000000000000000000000000011111111111000000000111111
000000111000000100000000000000000000000000000000000000000000000000000000000000000000000
000000111001000000000000000000000000000000000000000000000000000000000000000000000000000
000000111000001000000000000000000000000000000000000000000000000000000000000000000000000
000000111000000000000010000000000000000000000000000000000000000000000000000000000000000
