00000000000000000000000000000100001000000111000011100001000000000100000000000000000000000000000000000000000000000000000000000000000000000000000000000000000000000000000000000000000000000000000000000000000000000000000000000000000000000000000000000000
00000000000000000000000000000100001000100111000010100001000000000010000000000000000000000000000000000000000000000000000000000000000000000000000000000000000000000000000000000000000000000000000000000000000000000000000000000000000000000000000000000000
00000000000000000000000000000100001000000000000001100001000000000000000000100000000000000000000000000000000000000000000000000000000000000000000000000000000000000000000000000000000000000000000000000000000000000000000000000000000000000000000000000000
00000000000000000000000000000101101000000000000001100101000000000000000000000000000000000000000000000000000000000000000000000000000000000000000000000000000000000000000000000000000000000000000000000000000000000000000000000000000000000000000000000000
10000000000000000000000000000110101101011000001100100000000000000000101001000000000000000000000000000000000000000000000000000000000000000000000000000000000000000000000000000000000000000000000000000000000000000000000000000000100000000000000000000000
00000000000000000000000000000110011001000000000010100001100000000000000000000000000000000000000000000000000000000000000000000000000000000000000000000000000000000000000000000000000000000000000000000000000000000000000000000000000000000000000000000000
00000011000000000000000000000000000000000000000000000000000000000000000000000000000000000000000000010000000000000000000000000000000000000000000000000000000000000000100001000000000000000000000000000001000010000001100001000000100000000000000000000000
01000000000000000000011111110000000000000000000000000000000000000000000000000000100000000000100110111000000000001000000000000000000111000000000000100011001000000011111010010000000000000000000000000000000001000000001000101110000111111111111011011111
00000000000000000000000000000100001000100111000011110001000000000000000000000000000000000000000000000000000000000000000000000000000000000000000000000000000000000000000000000000000000000000000000000000000000000000000000000000000000000000000000000000
00000000000000000000000000000000000000000000000000000000000000000000000000000000000000000000000000011000000000000000000000111101111000000000000000000011000000000000100010000000000000000000000000000000000000001010000000000000000000000000000000000000
10000000000000000000000000000110101101011000001110100000000000000000100101000000000000000000000000000000000000000000000000000000000000000000000000000000000000000000000000000000000000000000000000000000000000000000000000000000100000000000000000000000
00000001010000000000000000000000000000000000000000000000000000000000000000000000000000000000000000010000001000000000000000000110000000000000000000000010101100000011111101011000001110101111111111111111100000000000110001000000100000000000000000000000
10101000000000000000000000000100000000000000000000000000000000000000000000000000000000000000000000000000000000000000000000000000000000000000000000000000000000000000000000000000000000000000000000000000000000000000000000000000000000000000000000000000
00000000000000000000000000000000000000000000000000000000000000000000000000000000000000000000000000000000000000000000000000000000000000100000010000100000000000000000000000000000000000000000000000000000000000000000000000100110000000000000000000000000
00000001000101000000000000000000000000000000000000000000000000000000000000000000000000000000000000000000000000011111100010000000000000000000000000000000000000001000000000000000000000000000000000000000000001110000100001010000100000000000000000000000
10000000000000000000000000000110101101101000001100100000000000000000010001000000000000000000000000000000000000000000000000000000000000000000000000000000000000000000000000000000000000000000000000000000000000000000000000000000100000000000000000000000
01000000000000000000010111110000000000000000000000000000000000000000000000000000100000000000100111011000000000001000000000000000000111000000000000100011001000000000000000000000000000000000000000000000000001000000001000101110000111111111111011011111
01000001000111000000011110110000000000000000000000000000000000000000000000000001111111111011000000010000000000101110000000000000000100000000000000000010101000000011111101010000000000000000000000000000000001110000100001011000100111111111111111111111
00000001101011000000000000000110101101011000000000101000000000000000000000000000000000000000000000000000000000000000000000000000000000000000000000000000000000000000000000000000000000000000000000000000000000000000100101110000100000000000000000000000
10000000000000000000000000000110101101011000000000100000000001000000100001000000000000000000000000000000000000000000000000000000000000000000000000000000000000000000000000000000000000000000000000000000000000000000000000000000100000000000000000000000
00000001010000000000000000000000000000000000000000000000000000000000000000000000000000000000000000010101010111000000000000000000000000000000000000000010110011010000000000000000000000000000000000000000000000000000100001000000100000000000000000000000
00000000000000000000000000000100101000000000000001100001000000000000000000001000000000000000000000000000000000000000000000000000000000000000000000000000000000000000000000000000000000000000000000000000000000000000000000000000000000000000000000000000
00000001000001010000100000000000001000000000000000000000000000000000000000000000000000000000000000000000000000000000000000000000000000000000000000000000000000000000000000000000000000000000000000000000000000000000100011010000100000000000000000000000
00000001010000000000000000000000000000000000000000000000000000000000000000000000000000000000000000010011110111000000000000000000000000000000000000000010100011100000000000000000000000000000000000000000000000000000100001000000100000000000000000000000
11100100000000000000010000000100000000000000000000000000000000000000000000000000100000000000000000000000000000000000000000000000000000000000000000000000000000000000000000000000000000000000000000000000000001000000000000000000000000000000000000000000
00000001010000000000000000000000000000000000000000000000000000000000000000000000000000000000000000010000000000000000000000000110000000000000000000000010101000000011111101010000001111110010110111110011011000000000100001000000100000000000000000000000
00000001000001110100000000000101101000100000100010000000000000000000000000000000000000000000000000000000000000000000000000000000000000000000000000000000000000000000000000000000000000000000000000000000000000000000100001010000100000000000000000000000
00000000000000000000000000000100001000100000000001100001000000100000000000000000000000000000000000000000000000000000000000000000000000000000000000000000000000000000000000000000000000000000000000000000000000000000000000000000000000000000000000000000
00000000000000000000000000000101101000000000000001100001001000000000000000000000000000000000000000000000000000000000000000000000000000000000000000000000000000000000000000000000000000000000000000000000000000000000000000000000000000000000000000000000
00000000000000000000000000000000000000000000000000000000000000000000000000000000000000000000000000000000000000000000000000000000000000100000001010010100000000000000000000000000000000000000000000000000000000000000000000000010000000000000000000000000
00000000000000000000000000000000000000000000000000000000000000000000000000000000000000000000000000000000000000000000000000000000000000100000000100001000000000000000000000000000000000000000000000000000000000000000000000000010000000000000000000000000
00000000000000000000000000000000000000000000000000000000000000000000000000000000000000000000000000000000000000000000000000000000000111100100000001000000000000001000000000000000000000000000000000000000000000000000001000100110000000000000000000000000
00000000000000000000000000000000000000000000000000000000000000000000000000000000000000000000000000000000000000000000000000000000000111101000000000100000000000000100000000000000000000000000000000000000000000000000001000100110000000000000000000000000
00000001010000000000000000000000000000000000000000000000000000000000000000000000000000000000000000010000000000000000000000000000000000000000000000000010101100000011111101011110000010101111111110011110000000000000110001000000100000000000000000000000
00000001000101000000000000000000000000000000000000000000000000000000000000000000000000000000000000000000000000011111010010000000000000000000000000000000000000001000000000000000000000000000000000000000000001110000101001010001100000000000000000000000
00000001000001010010000000000000001000000000000000000000000000000000000000000000000000000000000000000000000000000000000000000000000000000000000000000000000000000000000000000000000000000000000000000000000000000000100011010000100000000000000000000000
00000001000101000000000000000000000000000000000000000000000000000000000000000000000000000000000000000000000000011111000110000000000000000000000000000000000000001000000000000000000000000000000000000000000001110000101001010001100000000000000000000000
01110000000000000000010000000000000000000000000000000000000000000000000000000000100000000000000000000000000000000000000000000000000000000000000000000000000000000000000000000000000000000000000000000000000001000000000000000000000000000000000000000000
01000000000000000000011111110000000000000000000000000000000000000000000000000000100000000000101110011000000000001000000000000000000111000000000001000011001000000011111010010000000000000000000000000000000001000000001000101110000111111111111011011111
00000000000000000000000000000101101000000000000001100001010000000000000000000000000000000000000000000000000000000000000000000000000000000000000000000000000000000000000000000000000000000000000000000000000000000000000000000000000000000000000000000000
00000000000000000000000000001100001000000111000011100001000000001000000000000000000000000000000000000000000000000000000000000000000000000000000000000000000000000000000000000000000000000000000000000000000000000000000000000000000000000000000000000000
00000000000000000000000000000000000000000000000000000000000000000000000000000000000000000000000000000000000000000000000000000000000111110000000001000000000000000100000000000000000000000000000000000000000000000000001000100110000000000000000000000000
00000000000000000000000000000000000000000000000000000000000000000000000000000000000000000000000000000000000000000000000000000000000111100001000000000000000000001000000000000000000000000000000000000000000000000000001000000110000000000000000000000000
00000000000000000000000000000000000000000000000000000000000000000000000000000000000000000000000000011000000000000000000000010101110000000000000000000011000000000000000000000000000000000000000000000000000000001100000000000000000000000000000000000000
00000001010000000000000000000000000000000000000000000000000000000000000000000000000000000000000000010000000000000000000000000000000000000000000000000010101000000011111101010101100010100010110110010010000000000000100001000000100000000000000000000000
00000000000000000000000000000000000000000000000000000000000000000000000000000000000000000000000000000000000000000000000000000000000000000000000000000000000000000000000000000000000000000000000000000000000000000000100001100000011000000000000000000000
10000000000000000000000000000100011010000000000001100001000000000000000000010000000000000000000000000000000000000000000000000000000000000000000000000000000000000000000000000000000000000000000000000000000000000000000000000000000000000000000000000000
00000000000000000000000000000100101000100000000001100001000100000000000000000000000000000000000000000000000000000000000000000000000000000000000000000000000000000000000000000000000000000000000000000000000000000000000000000000000000000000000000000000
00000001010000000000000000000000000000000000000000000000000000000000000000000000000000000000000000010100000000000000000000000000000000000000000000000010101000000011111101110000000010100010110110010011010100000000100001000000100000000000000000000000
00000000000000000000000000000101101000000000000000100001000000000001000000000000000000000000000000000000000000000000000000000000000000000000000000000000000000000000000000000000000000000000000000000000000000000000000000000000000000000000000000000000
00000000000000000000000000000000000000000000000000000000000000000000000000000000000000000000000000000000000000000000000000000000000111100010000001000000000000001000000000000000000000000000000000000000000000000000001000100110000000000000000000000000
00000001000100000000000000000000000000000000000000000000000000000000000000000000000000000000000000000000000000011111001010000000000000000000000000000000000000001000000000000000000000000000000000000000000001110000101001000001100000000000000000000000
00000000000000000000000000000100111000000000000000100001000000000000000000000010000000000000000000000000000000000000000000000000000000000000000000000000000000000000000000000000000000000000000000000000000000000000000000000000000000000000000000000000
00000000000000000000000000000000000000000000000000000000000000000000000000000000000000000000000000000000000000000000000000000000000000100000100001000000000000000000000000000000000000000000000000000000000000000000000000100110000000000000000000000000
00000000000000000000000000000110101101011000000000100001000000000000000010000000000000000000000000000000000000000000000000000000000000000000000000000000000000000000000000000000000000000000000000000000000000000000000000000000100000000000000000000000
00000001000011010001000000000000001000000000000000000000000000000000000000000000000000000000000000000000000000000000000000000000000000000000000000000000000000000000000000000000000000000000000000000000000000000000100001010000100000000000000000000000
00000000000000000000000000000100001000000111000011100001000000010000000000000000000000000000000000000000000000000000000000000000000000000000000000000000000000000000000000000000000000000000000000000000000000000000000000000000000000000000000000000000
01000000000000000000010111110000000000000000000000000000000000000000000000000000100000000000110110011000000000001000000000000000000111000000000001000011001000000000000000000000000000000000000000000000000001000000001000101110000111111111111011011111
00000001000001011000000000000000001000000000000000000000000000000000000000000000000000000000000000000000000000000000000000000000000000000000000000000000000000000000000000000000000000000000000000000000000000000000100001010000100000000000000000000000
00000000000000000000000000000100101000100000000001100001000010000000000000000000000000000000000000000000000000000000000000000000000000000000000000000000000000000000000000000000000000000000000000000000000000000000000000000000000000000000000000000000
01000000000111000000010110110000000000000000000000000000000000000000000000000000100000010111000000010000000000001110000000000000000100000000000000000010101000000000000000000000000000000000000000000000000001110000000000001000000111111111111111111111
00000000000000000000000000000101101000000000010001100011000000000000000000000000000000000000000000000000000000000000000000000000000000000000000000000000000000000000000000000000000000000000000000000000000000000000000000000000000000000000000000000000
00000000000000000000000000000100111000000000000001100001000000000000000000000100000000000000000000000000000000000000000000000000000000000000000000000000000000000000000000000000000000000000000000000000000000000000000000000000000000000000000000000000
00000001000000000000000000000000000000000000000000000000000000000000000000000000000000000000000000010000000000000000000000000000000000000000000000000000000000000000100001000100010000000000000000000000000000000000100001000000100000000000000000000000
00000001000101000000000000000000000000000000000000000000000000000000000000000000000000000000000000000000000000011111000011000000000000000000000000000000000000000100000000000000000000000000000000000000000001110000100001010000100000000000000000000000
