00000000000000000000000000000100001000001110000111000010000000001000000000000000000000000000000000000000000000000000000000000000000000000000000000000000000000000000000000000000000000000000000000000000000000000000000000000000000000000000000000000
00000000000000000000000000000100001001001110000101000010000000000100000000000000000000000000000000000000000000000000000000000000000000000000000000000000000000000000000000000000000000000000000000000000000000000000000000000000000000000000000000000
00000000000000000000000000000100001000000000000011000010000000000000000001000000000000000000000000000000000000000000000000000000000000000000000000000000000000000000000000000000000000000000000000000000000000000000000000000000000000000000000000000
00000000000000000000000000000101101000000000000011001010000000000000000000000000000000000000000000000000000000000000000000000000000000000000000000000000000000000000000000000000000000000000000000000000000000000000000000000000000000000000000000000
10000000000000000000000000000110101010110000011011000000000000000001010010000000000000000000000000000000000000000000000000000000000000000000000000000000000000000000000000000000000000000000000000000000000000000000000000000100000000000000000000000
00000000000000000000000000000110011010000000000101000011000000000000000000000000000000000000000000000000000000000000000000000000000000000000000000000000000000000000000000000000000000000000000000000000000000000000000000000000000000000000000000000
00000011000000000000000000000000000000000000000000000000000000000000000000000000000000000001000000000000000000000000000000000000000000000000000000000000000100001000000000000000000000000000000000000000000001000010001100000100000000000000000000000
01000000000000000000011111110000000000000000000000000000000000000000000000000000000010011011100000000001000000000000000000111000000000000100011001000000011111010010000000000000000000000000000000000000000000000000000010111000111111111111011011111
00000000000000000000000000000100001001001110000111100010000000000000000000000000000000000000000000000000000000000000000000000000000000000000000000000000000000000000000000000000000000000000000000000000000000000000000000000000000000000000000000000
00000000000000000000000000000000000000000000000000000000000000000000000000000000000000000001100000000000000000000111101111000000000000000000011000000000000100010000000000000000000000000000000000000000000000000001010000000000000000000000000000000
10000000000000000000000000000110101010110000011111000000000000000001001010000000000000000000000000000000000000000000000000000000000000000000000000000000000000000000000000000000000000000000000000000000000000000000000000000100000000000000000000000
00000001010000000000000000000000000000000000000000000000000000000000000000000000000000000001000000100001000000000000110000000000000000000000010101100000011111101011000000000000000000000001110101111111111111100000000100000100000000000000000000000
10101000000000000000000000000100000000000000000000000000000000000000000000000000000000000000000000000000000000000000000000000000000000000000000000000000000000000000000000000000000000000000000000000000000000000000000000000000000000000000000000000
00000000000000000000000000000000000000000000000000000000000000000000000000000000000000000000000000000000000000000000000000000100000010000100000000000000000000000000000000000000000000000000000000000000000000000000000010011000000000000000000000000
00000001000101000000000000000000000000000000000000000000000000000000000000000000000000000000000000000001111100010000000000000000000000000000000000000001000000000000000000000000000000000000000000000000000000000000000101000100000000000000000000000
10000000000000000000000000000110101011010000011011000000000000000000100010000000000000000000000000000000000000000000000000000000000000000000000000000000000000000000000000000000000000000000000000000000000000000000000000000100000000000000000000000
01000000000000000000010111110000000000000000000000000000000000000000000000000000000010011101100000000001000000000000000000111000000000000100011001000000000000000000000000000000000000000000000000000000000000000000000010111000111111111111011011111
01000001000111000000011110110000000000000000000000000000000000000000000000000011101100000001000000000001110000000000000000100000000000000000010101000000011111101010000000000000000000000000000000000000000000000000000101100100111111111111111111111
00000001101011000000000000000110101010110000000011010000000000000000000000000000000000000000000000000000000000000000000000000000000000000000000000000000000000000000000000000000000000000000000000000000000000000000000111000100000000000000000000000
10000000000000000000000000000110101010110000000011000000000010000001000010000000000000000000000000000000000000000000000000000000000000000000000000000000000000000000000000000000000000000000000000000000000000000000000000000100000000000000000000000
00000001010000000000000000000000000000000000000000000000000000000000000000000000000000000001010101011100000000000000000000000000000000000000010110011010000000000000000000000000000000000000000000000000000000000000000100000100000000000000000000000
00000000000000000000000000000100101000000000000011000010000000000000000000010000000000000000000000000000000000000000000000000000000000000000000000000000000000000000000000000000000000000000000000000000000000000000000000000000000000000000000000000
00000001000001010000100000000000001000000000000000000000000000000000000000000000000000000000000000000000000000000000000000000000000000000000000000000000000000000000000000000000000000000000000000000000000000000000000101000100000000000000000000000
00000001010000000000000000000000000000000000000000000000000000000000000000000000000000000001001111011100000000000000000000000000000000000000010100011100000000000000000000000000000000000000000000000000000000000000000100000100000000000000000000000
11100100000000000000010000000100000000000000000000000000000000000000000000000000000000000000000000000000000000000000000000000000000000000000000000000000000000000000000000000000000000000000000000000000000000000000000000000000000000000000000000000
00000001010000000000000000000000000000000000000000000000000000000000000000000000000000000001000000000011000000000000110000000000000000000000010101000000011111101010000000000000000000000001111110111011111011011000000100000100000000000000000000000
00000001000001110100000000000101101001000001000100000000000000000000000000000000000000000000000000000000000000000000000000000000000000000000000000000000000000000000000000000000000000000000000000000000000000000000000101000100000000000000000000000
00000000000000000000000000000100001001000000000011000010000001000000000000000000000000000000000000000000000000000000000000000000000000000000000000000000000000000000000000000000000000000000000000000000000000000000000000000000000000000000000000000
00000000000000000000000000000101101000000000000011000010010000000000000000000000000000000000000000000000000000000000000000000000000000000000000000000000000000000000000000000000000000000000000000000000000000000000000000000000000000000000000000000
00000000000000000000000000000000000000000000000000000000000000000000000000000000000000000000000000000000000000000000000000000100000001010010100000000000000000000000000000000000000000000000000000000000000000000000000000001000000000000000000000000
00000000000000000000000000000000000000000000000000000000000000000000000000000000000000000000000000000000000000000000000000000100000000100001000000000000000000000000000000000000000000000000000000000000000000000000000000001000000000000000000000000
00000000000000000000000000000000000000000000000000000000000000000000000000000000000000000000000000000000000000000000000000111100100000001000000000000001000000000000000000000000000000000000000000000000000000000000000010011000000000000000000000000
00000000000000000000000000000000000000000000000000000000000000000000000000000000000000000000000000000000000000000000000000111101000000000100000000000000100000000000000000000000000000000000000000000000000000000000000010011000000000000000000000000
00000001010000000000000000000000000000000000000000000000000000000000000000000000000000000001000000000001000000000000000000000000000000000000010101100000011111101011111010111111111111110000000000000000000000000000000100000100000000000000000000000
00000001000101000000000000000000000000000000000000000000000000000000000000000000000000000000000000000001111010010000000000000000000000000000000000000001000000000000000000000000000000000000000000000000000000000000000101000100000000000000000000000
00000001000001010010000000000000001000000000000000000000000000000000000000000000000000000000000000000000000000000000000000000000000000000000000000000000000000000000000000000000000000000000000000000000000000000000000101000100000000000000000000000
00000001000101000000000000000000000000000000000000000000000000000000000000000000000000000000000000000001111000110000000000000000000000000000000000000001000000000000000000000000000000000000000000000000000000000000000101000100000000000000000000000
01110000000000000000010000000000000000000000000000000000000000000000000000000000000000000000000000000000000000000000000000000000000000000000000000000000000000000000000000000000000000000000000000000000000000000000000000000000000000000000000000000
01000000000000000000011111110000000000000000000000000000000000000000000000000000000010111001100000000001000000000000000000111000000000001000011001000000011111010010000000000000000000000000000000000000000000000000000010111000111111111111011011111
00000000000000000000000000000101101000000000000011000010100000000000000000000000000000000000000000000000000000000000000000000000000000000000000000000000000000000000000000000000000000000000000000000000000000000000000000000000000000000000000000000
00000000000000000000000000001100001000001110000111000010000000010000000000000000000000000000000000000000000000000000000000000000000000000000000000000000000000000000000000000000000000000000000000000000000000000000000000000000000000000000000000000
00000000000000000000000000000000000000000000000000000000000000000000000000000000000000000000000000000000000000000000000000111110000000001000000000000000100000000000000000000000000000000000000000000000000000000000000010011000000000000000000000000
00000000000000000000000000000000000000000000000000000000000000000000000000000000000000000000000000000000000000000000000000111100001000000000000000000001000000000000000000000000000000000000000000000000000000000000000000011000000000000000000000000
00000000000000000000000000000000000000000000000000000000000000000000000000000000000000000001100000000000000000000010101110000000000000000000011000000000000000000000000000000000000000000000000000000000000000000001100000000000000000000000000000000
00000001010000000000000000000000000000000000000000000000000000000000000000000000000000000001000000000001000000000000000000000000000000000000010101000000011111101010111111011101111101101100000000000000000000000000000100000100000000000000000000000
00000000000000000000000000000000000000000000000000000000000000000000000000000000000000000000000000000000000000000000000000000000000000000000000000000000000000000000000000000000000000000000000000000000000000000000000110000011000000000000000000000
10000000000000000000000000000100011100000000000011000010000000000000000000100000000000000000000000000000000000000000000000000000000000000000000000000000000000000000000000000000000000000000000000000000000000000000000000000000000000000000000000000
00000000000000000000000000000100101001000000000011000010001000000000000000000000000000000000000000000000000000000000000000000000000000000000000000000000000000000000000000000000000000000000000000000000000000000000000000000000000000000000000000000
00000001010000000000000000000000000000000000000000000000000000000000000000000000000000000001010000000001000000000000000000000000000000000000010101000000011111101110000000000000000000000000010100111011001011010100000100000100000000000000000000000
00000000000000000000000000000101101000000000000001000010000000000010000000000000000000000000000000000000000000000000000000000000000000000000000000000000000000000000000000000000000000000000000000000000000000000000000000000000000000000000000000000
00000000000000000000000000000000000000000000000000000000000000000000000000000000000000000000000000000000000000000000000000111100010000001000000000000001000000000000000000000000000000000000000000000000000000000000000010011000000000000000000000000
00000001000100000000000000000000000000000000000000000000000000000000000000000000000000000000000000000001111001010000000000000000000000000000000000000001000000000000000000000000000000000000000000000000000000000000000100000100000000000000000000000
00000000000000000000000000000100111000000000000001000010000000000000000000000100000000000000000000000000000000000000000000000000000000000000000000000000000000000000000000000000000000000000000000000000000000000000000000000000000000000000000000000
00000000000000000000000000000000000000000000000000000000000000000000000000000000000000000000000000000000000000000000000000000100000100001000000000000000000000000000000000000000000000000000000000000000000000000000000010011000000000000000000000000
00000000000000000000000000000110101010110000000011000010000000000000000100000000000000000000000000000000000000000000000000000000000000000000000000000000000000000000000000000000000000000000000000000000000000000000000000000100000000000000000000000
00000001000011010001000000000000001000000000000000000000000000000000000000000000000000000000000000000000000000000000000000000000000000000000000000000000000000000000000000000000000000000000000000000000000000000000000101000100000000000000000000000
00000000000000000000000000000100001000001110000111000010000000100000000000000000000000000000000000000000000000000000000000000000000000000000000000000000000000000000000000000000000000000000000000000000000000000000000000000000000000000000000000000
01000000000000000000010111110000000000000000000000000000000000000000000000000000000011011001100000000001000000000000000000111000000000001000011001000000000000000000000000000000000000000000000000000000000000000000000010111000111111111111011011111
00000001000001011000000000000000001000000000000000000000000000000000000000000000000000000000000000000000000000000000000000000000000000000000000000000000000000000000000000000000000000000000000000000000000000000000000101000100000000000000000000000
00000000000000000000000000000100101001000000000011000010000100000000000000000000000000000000000000000000000000000000000000000000000000000000000000000000000000000000000000000000000000000000000000000000000000000000000000000000000000000000000000000
01000000000111000000010110110000000000000000000000000000000000000000000000000001011100000001000000000001110000000000000000100000000000000000010101000000000000000000000000000000000000000000000000000000000000000000000000100000111111111111111111111
00000000000000000000000000000101101000000000100011000110000000000000000000000000000000000000000000000000000000000000000000000000000000000000000000000000000000000000000000000000000000000000000000000000000000000000000000000000000000000000000000000
00000000000000000000000000000100111000000000000011000010000000000000000000001000000000000000000000000000000000000000000000000000000000000000000000000000000000000000000000000000000000000000000000000000000000000000000000000000000000000000000000000
00000001000000000000000000000000000000000000000000000000000000000000000000000000000000000001000000000000000000000000000000000000000000000000000000000000000100001000000000000000000000100010000000000000000000000000000100000100000000000000000000000
00000001000101000000000000000000000000000000000000000000000000000000000000000000000000000000000000000001111000011000000000000000000000000000000000000000100000000000000000000000000000000000000000000000000000000000000101000100000000000000000000000
